maxones 100 32 0.01 0.5

Generation	Champ Fitness	Avg Fitness		%Identical
0			22				16.33				0.0
1			24				18.84				24.0
2			27				20.51				22.0
3			27				21.51				25.0
4			28				22.98				28.000000000000004
5			29				24.22				25.0
6			29				25.55				37.0
7			29				26.18				38.0
8			30				27.06				41.0
9			31				28.04				54.0
10			32				28.48				64.0
11			32				29.18				62.0
12			32				29.87				65.0
13			32				29.82				62.0
14			32				29.99				66.0
15			32				29.99				63.0
16			32				29.88				57.99999999999999
17			32				30.13				61.0
18			32				30.37				78.0
19			32				30.7				65.0
20			32				30.92				78.0
21			32				30.85				69.0
22			32				30.76				65.0
23			32				30.64				68.0
24			32				30.76				70.0
25			32				30.85				67.0
26			32				30.71				56.99999999999999
27			32				30.75				61.0
28			32				30.97				62.0
TERMINATED AT GENERATION 28

Termination reason: Average fitness converged



Champion genotype:	[1, 0, 1, 1, 1, 1, 1, 1, 1, 1, 0, 1, 1, 1, 1, 1, 1, 1, 1, 1, 1, 1, 1, 1, 1, 1, 1, 1, 1, 1, 1, 0]
Champion fitness:	29
