maxones 100 32 0.01 0.5

Generation	Champ Fitness	Avg Fitness		%Identical
0			24				16.17				0.0
1			24				17.94				17.0
2			23				18.85				21.0
3			24				19.43				19.0
4			25				20.44				17.0
5			25				21.2				16.0
6			26				21.98				22.0
7			26				22.61				21.0
8			27				23.46				17.0
9			28				24.26				25.0
10			28				24.85				19.0
11			28				25.05				15.0
12			30				25.68				23.0
13			30				26.2				20.0
14			30				26.59				24.0
15			30				27.0				21.0
16			31				27.11				21.0
17			30				27.68				28.999999999999996
18			31				28.37				27.0
19			31				28.67				22.0
20			31				28.92				34.0
21			31				28.72				34.0
22			32				29.15				30.0
23			32				29.37				32.0
24			32				29.61				35.0
25			32				29.75				38.0
26			32				29.91				43.0
27			32				30.07				39.0
28			32				30.2				42.0
29			32				30.37				54.0
30			32				30.5				56.00000000000001
31			32				30.58				57.99999999999999
TERMINATED AT GENERATION 31

Termination reason: Average fitness converged



Champion genotype:	[1, 1, 1, 1, 1, 1, 1, 1, 1, 1, 1, 1, 1, 1, 1, 1, 1, 1, 1, 1, 1, 1, 1, 1, 1, 1, 1, 1, 1, 1, 1, 1]
Champion fitness (number of ones):	32
