rosenbrock 500 16 0.05 0.7

Generation	Champ Fitness					Avg Fitness			%Identical
0			-0.16762310535932284				-13205.364				1.0
1			-0.42826281140796707				-6135.72				7.199999999999999
2			-0.20596520339898283				-3364.828				9.8
3			-0.08143793510348099				-3284.882				8.799999999999999
4			-0.337421460204943				-3166.09				8.200000000000001
5			-0.0				-3364.832				7.8
6			-0.0				-4008.344				10.6
7			-0.07630165016530951				-3112.972				9.2
8			-0.0385058773567853				-3332.506				10.4
9			-0.0385058773567853				-3772.452				11.0
10			-0.0385058773567853				-2931.614				10.6
11			-0.03299768920391481				-2602.978				10.8
12			-0.0385058773567853				-2628.398				9.8
13			-0.0385058773567853				-2820.352				11.4
14			-0.08143793510348099				-2659.012				9.2
15			-0.08143793510348099				-2884.952				10.2
16			-0.08143793510348099				-3079.906				10.2
17			-0.0017743744790435756				-3553.078				9.8
18			-0.009935551064926385				-2901.602				9.4
19			-0.032997689203910205				-2711.564				9.4
20			-0.14349965359491745				-3418.174				9.6
21			-0.0385058773567853				-3780.062				12.4
22			-0.0385058773567853				-3195.898				11.0
23			-0.04595044552261114				-3284.606				13.0
24			-0.0385058773567853				-4009.632				10.2
25			-0.04595044552261114				-3961.866				9.6
26			-0.04595044552261114				-3474.454				8.6
27			-0.08515105463977082				-3499.75				12.0
28			-0.07822916126216624				-3020.148				12.4
29			-0.07822916126216624				-3647.218				8.6
30			-0.07630165016530904				-3368.454				8.200000000000001
31			-0.07630165016530904				-3319.622				8.799999999999999
32			-0.10857681833843358				-3438.742				11.200000000000001
33			-0.0017743744790435416				-3491.428				11.200000000000001
34			-0.04595044552261114				-3804.238				12.0
35			-0.0017743744790435416				-3202.072				13.0
36			-0.0017743744790435416				-3579.018				12.0
37			-0.0				-4021.7				14.2
38			-0.0017743744790435756				-3014.934				10.4
39			-0.0				-3873.582				12.4
40			-0.009935551064928706				-3523.496				12.8
41			-0.009935551064928706				-3845.634				10.8
42			-0.0				-3333.454				14.799999999999999
43			-0.0				-3477.414				12.8
44			-0.0				-4077.086				13.8
45			-0.03850587735678516				-3791.534				13.600000000000001
46			-0.07630165016530904				-4281.696				15.4
47			-0.07822916126217468				-2881.656				14.000000000000002
48			-0.08143793510348099				-3286.898				14.2
49			-0.07630165016530904				-3453.918				12.2
50			-0.009935551064928706				-4096.778				12.0
51			-0.009935551064928706				-3413.184				14.399999999999999
52			-0.009935551064928706				-2944.708				14.6
53			-0.0				-2972.736				15.0
54			-0.0017743744790435416				-2397.674				17.2
55			-0.009935551064928706				-2349.4				18.2
56			-0.009935551064928706				-3250.634				14.6
57			-0.0017743744790435416				-3212.068				12.4
58			-0.0017743744790435416				-2644.65				14.399999999999999
59			-0.0017743744790435416				-2897.58				19.400000000000002
60			-0.0017743744790435416				-2681.358				15.0
61			-0.0017743744790435416				-2414.886				17.0
62			-0.03299768920391481				-4190.97				13.4
63			-0.009935551064928706				-3987.242				12.4
64			-0.0017743744790435416				-2764.446				12.0
65			-0.0017743744790435416				-2765.912				14.6
66			-0.009935551064928706				-3241.276				14.2
67			-0.0				-3592.062				15.4
68			-0.04595044552261114				-2697.396				19.2
69			-0.0017743744790435416				-2913.732				15.6
70			-0.0017743744790435416				-2082.066				13.4
71			-0.0017743744790435756				-3155.984				15.6
72			-0.0017743744790435416				-2942.422				16.6
73			-0.0385058773567853				-2999.52				17.0
74			-0.0385058773567853				-2942.356				16.6
75			-0.009935551064928706				-3562.292				16.6
76			-0.009935551064928706				-2223.626				13.8
77			-0.07630165016530904				-3322.704				14.000000000000002
78			-0.04595044552260595				-3534.666				13.200000000000001
79			-0.009935551064928706				-3420.358				16.8
80			-0.0017743744790435416				-3069.044				13.600000000000001
81			-0.0385058773567853				-2862.142				17.599999999999998
82			-0.0017743744790435416				-2379.656				17.599999999999998
83			-0.0017743744790435416				-2325.0				20.200000000000003
84			-0.009935551064926385				-3036.4				15.8
85			-0.0017743744790435416				-3490.94				17.4
86			-0.009935551064926385				-3385.826				20.0
87			-0.0				-2672.732				19.0
88			-0.032997689203910205				-3170.852				17.599999999999998
89			-0.0				-2466.554				18.4
90			-0.0				-2412.208				20.200000000000003
91			-0.0				-3472.164				18.4
92			-0.0017743744790435416				-2787.142				15.6
93			-0.0				-3839.34				16.2
94			-0.032997689203910205				-3082.89				20.4
95			-0.07630165016530904				-3015.974				19.8
96			-0.07630165016530904				-2664.388				15.6
97			-0.08143793510348099				-3302.182				14.2
98			-0.08515105463976208				-3583.174				16.6
99			-0.0				-2501.016				19.400000000000002
100			-0.0				-3146.944				14.399999999999999
101			-0.0385058773567853				-3630.688				15.6
102			-0.0385058773567853				-2530.584				16.400000000000002
103			-0.0017743744790435416				-3183.942				15.2
104			-0.0017743744790435416				-2235.694				15.0
105			-0.0				-2685.142				13.8
106			-0.0				-2592.608				16.400000000000002
107			-0.03299768920391481				-2445.008				17.599999999999998
108			-0.0385058773567853				-2845.978				14.000000000000002
109			-0.0				-3090.032				14.6
110			-0.03299768920391481				-2935.412				20.200000000000003
111			-0.03299768920391481				-2767.816				15.4
112			-0.03299768920391481				-2655.3				16.8
113			-0.03299768920391481				-3291.872				17.4
114			-0.0017743744790435756				-2286.394				16.2
115			-0.0017743744790435756				-3067.874				16.6
116			-0.009935551064926385				-2579.214				16.2
117			-0.009935551064926385				-2872.754				19.400000000000002
118			-0.03299768920391481				-3008.348				16.0
119			-0.0385058773567853				-2950.988				16.6
120			-0.009935551064926385				-3085.062				15.8
121			-0.009935551064926385				-2897.506				16.0
122			-0.03299768920391481				-2836.81				18.6
123			-0.0017743744790435756				-2377.214				16.6
124			-0.0				-3358.676				18.4
125			-0.0				-3120.56				18.6
126			-0.009935551064928706				-2879.68				15.4
127			-0.009935551064928706				-2545.366				17.0
128			-0.0017743744790435416				-2666.588				16.6
129			-0.0017743744790435416				-2974.666				18.6
130			-0.0017743744790435416				-2713.274				20.0
131			-0.0017743744790435416				-3561.116				20.200000000000003
132			-0.0017743744790435416				-3587.716				17.0
133			-0.0017743744790435416				-2507.332				18.8
134			-0.0017743744790435416				-2743.376				16.400000000000002
135			-0.032997689203910205				-3425.206				15.2
136			-0.009935551064928706				-3207.994				18.0
137			-0.032997689203910205				-3097.87				18.6
138			-0.0017743744790435756				-3245.03				19.0
139			-0.0017743744790435756				-2519.386				18.8
140			-0.0017743744790435756				-3101.094				18.6
141			-0.07630165016530904				-3414.392				19.400000000000002
142			-0.07630165016530904				-2700.508				15.4
143			-0.07630165016530904				-3526.522				18.2
144			-0.03850587735678516				-3028.374				16.8
145			-0.07630165016530904				-3761.262				19.0
146			-0.0017743744790435756				-2871.656				19.0
147			-0.0017743744790435756				-2970.784				16.8
148			-0.0017743744790435756				-4009.786				14.399999999999999
149			-0.04595044552261114				-3089.81				14.399999999999999
150			-0.07822916126217468				-3003.052				20.8
151			-0.08143793510348063				-2555.74				18.2
152			-0.10857681833843358				-3005.204				18.8
153			-0.0017743744790435756				-4182.708				17.4
154			-0.08143793510348063				-3377.04				18.8
155			-0.0385058773567853				-2869.378				18.0
156			-0.0385058773567853				-2789.534				18.4
157			-0.03299768920391481				-2338.224				19.0
158			-0.03299768920391481				-2420.08				17.0
159			-0.009935551064928706				-2776.86				19.0
160			-0.009935551064928706				-3093.508				16.6
161			-0.03299768920391481				-2055.194				18.2
162			-0.03850587735678516				-2334.928				18.8
163			-0.03299768920391481				-2849.828				18.0
164			-0.0017743744790435416				-2952.77				16.2
165			-0.0017743744790435416				-1977.05				17.599999999999998
166			-0.0017743744790435416				-3923.1				16.6
167			-0.0017743744790435416				-3724.682				19.0
168			-0.07630165016530904				-2650.538				22.0
169			-0.07630165016530904				-2477.188				19.0
170			-0.03299768920391481				-2383.442				17.2
171			-0.03850587735678516				-3992.59				16.2
172			-0.0017743744790435756				-4293.842				15.8
173			-0.03850587735678516				-3404.424				16.2
174			-0.08143793510348063				-3119.424				18.4
175			-0.08143793510348063				-3310.906				16.8
176			-0.13537750023982914				-3023.064				17.599999999999998
177			-0.0385058773567853				-2981.938				20.200000000000003
178			-0.009935551064928706				-3009.83				19.0
179			-0.0017743744790435416				-2907.876				17.8
180			-0.0017743744790435416				-2971.186				16.2
181			-0.009935551064926385				-2517.164				17.4
182			-0.11547565253420261				-3369.252				17.599999999999998
183			-0.11547565253420261				-2876.694				16.2
184			-0.115475652534196				-2458.098				16.400000000000002
185			-0.07822916126216624				-3399.998				17.4
186			-0.0017743744790435416				-3589.236				16.400000000000002
187			-0.0017743744790435416				-3368.678				18.8
188			-0.0017743744790435416				-2541.852				20.4
189			-0.10857681833843358				-2662.518				20.4
190			-0.08143793510348063				-2436.71				20.8
191			-0.08143793510348063				-3993.36				21.4
192			-0.08143793510348063				-2109.69				21.8
193			-0.009935551064926385				-3052.578				23.0
194			-0.0385058773567853				-2700.622				24.8
195			-0.009935551064928706				-2585.038				22.8
196			-0.03299768920391481				-2803.152				20.4
197			-0.1547330227143285				-2660.214				23.200000000000003
198			-0.0385058773567853				-3503.988				20.8
199			-0.2812445631696676				-2697.294				21.6
200			-0.04595044552261114				-2628.056				20.8
201			-0.03299768920391481				-2879.962				22.6
202			-0.04595044552261114				-3536.602				22.400000000000002
203			-0.08143793510348099				-3628.064				23.400000000000002
204			-0.0385058773567853				-2919.596				25.2
205			-0.1960745881755769				-3567.872				18.8
206			-0.04595044552261114				-2903.284				16.2
207			-0.08143793510348099				-3085.29				17.599999999999998
208			-0.032997689203910205				-2764.162				20.4
209			-0.04595044552260595				-3170.642				20.8
210			-0.08143793510348099				-2871.58				19.2
211			-0.07822916126217468				-2391.954				19.400000000000002
212			-0.16762310535932193				-2878.182				21.6
213			-0.07630165016530904				-2152.208				21.6
214			-0.07630165016530904				-3182.086				20.599999999999998
215			-0.10857681833843358				-2637.196				20.4
216			-0.08515105463976208				-3295.64				22.400000000000002
217			-0.03299768920391481				-3811.894				21.2
218			-0.03299768920391481				-2140.522				21.4
219			-0.0017743744790435416				-3065.58				21.6
220			-0.0				-2712.798				19.2
221			-0.009935551064928706				-2983.224				19.2
222			-0.0017743744790435756				-2752.94				19.2
223			-0.0017743744790435416				-2923.458				22.8
224			-0.0017743744790435416				-3784.108				20.4
225			-0.0017743744790435416				-3361.304				19.2
226			-0.19832374529596844				-3147.79				21.0
227			-0.0385058773567853				-2875.952				18.2
228			-0.03850587735678516				-2953.174				19.2
229			-0.0017743744790435416				-2849.092				17.4
230			-0.0017743744790435416				-3353.804				16.400000000000002
231			-0.0017743744790435416				-3789.328				18.8
232			-0.03299768920391481				-2726.642				22.2
233			-0.0017743744790435416				-3256.168				21.6
234			-0.0017743744790435756				-3358.742				17.2
235			-0.0017743744790435416				-3935.316				17.2
236			-0.0017743744790435416				-3640.864				18.4
237			-0.0017743744790435416				-2848.338				18.6
238			-0.0017743744790435416				-2608.212				15.4
239			-0.04595044552261114				-2736.614				14.799999999999999
240			-0.0				-3202.736				16.8
241			-0.04595044552261114				-3457.25				19.6
242			-0.0017743744790435416				-3006.678				18.8
243			-0.0017743744790435416				-3185.832				17.4
244			-0.0017743744790435416				-3335.766				16.6
245			-0.009935551064928706				-3270.542				15.8
246			-0.0017743744790435416				-2755.116				14.2
247			-0.10857681833843358				-3579.534				16.2
248			-0.13839293171037736				-3219.468				15.4
249			-0.0				-2649.022				15.4
250			-0.009935551064926385				-2333.498				17.4
251			-0.0017743744790435416				-3978.858				18.2
252			-0.0017743744790435416				-3481.302				16.2
253			-0.03299768920391481				-3503.062				15.8
254			-0.08143793510348099				-2636.598				16.2
255			-0.08143793510348099				-2598.584				15.8
256			-0.009935551064928706				-2222.228				18.0
257			-0.0017743744790435416				-2691.126				17.599999999999998
258			-0.07630165016530904				-2738.506				15.0
259			-0.0017743744790435416				-2604.092				16.6
260			-0.0017743744790435416				-2548.742				17.0
261			-0.10857681833843358				-2059.282				18.8
262			-0.0				-3045.948				18.2
263			-0.0				-3075.958				19.6
264			-0.0017743744790435416				-2542.864				19.8
265			-0.0				-3782.05				22.0
266			-0.0017743744790435416				-3770.588				20.599999999999998
267			-0.03850587735678516				-2609.918				15.6
268			-0.07822916126216624				-2479.5				20.200000000000003
269			-0.07822916126216624				-3126.918				17.4
270			-0.07630165016530904				-2322.392				18.4
271			-0.0				-2841.006				13.8
272			-0.0				-3573.47				16.400000000000002
273			-0.0017743744790435756				-2493.368				16.0
274			-0.03299768920391481				-3646.728				14.2
275			-0.0385058773567853				-4334.674				16.8
276			-0.07630165016530904				-2665.356				16.8
277			-0.009935551064926385				-2773.438				20.599999999999998
278			-0.12935668873696432				-2209.53				19.0
279			-0.08143793510348099				-2984.62				18.2
280			-0.032997689203910205				-3259.982				18.2
281			-0.08143793510348099				-3011.166				16.8
282			-0.13537750023982914				-2451.642				16.8
283			-0.07630165016530904				-3243.31				19.2
284			-0.08143793510348099				-2780.636				18.4
285			-0.0				-2990.852				18.6
286			-0.0				-3298.884				18.8
287			-0.032997689203910205				-3763.246				17.8
288			-0.0				-3048.126				17.599999999999998
289			-0.032997689203910205				-3040.892				13.600000000000001
290			-0.032997689203910205				-3286.032				17.2
291			-0.04595044552261114				-2489.034				15.2
292			-0.03850587735678516				-2848.556				15.4
293			-0.13839293171038114				-2978.71				17.2
294			-0.0385058773567853				-3356.546				14.2
295			-0.0385058773567853				-3230.67				15.8
296			-0.0385058773567853				-3458.846				17.4
297			-0.11547565253420261				-3861.518				11.200000000000001
298			-0.03299768920391481				-3386.866				15.2
299			-0.12935668873696432				-2864.218				16.400000000000002
300			-0.0				-3169.088				14.2
301			-0.15378700499807657				-4125.88				16.400000000000002
302			-0.04595044552261114				-3034.888				15.8
303			-0.1085768183384341				-2817.452				17.0
304			-0.03299768920391481				-3180.726				17.0
305			-0.04595044552261114				-3282.09				19.6
306			-0.03299768920391481				-2408.284				15.4
307			-0.032997689203910205				-2856.84				18.0
308			-0.07630165016530904				-4284.016				16.2
309			-0.0385058773567853				-4033.336				15.8
310			-0.0385058773567853				-2682.804				15.4
311			-0.04595044552260595				-2694.52				18.0
312			-0.009935551064928706				-2835.802				17.0
313			-0.009935551064928706				-3133.202				16.2
314			-0.07822916126217468				-3931.966				13.4
315			-0.04595044552261114				-3228.942				18.0
316			-0.03850587735678516				-2521.206				19.8
317			-0.03850587735678516				-3485.904				18.8
318			-0.03850587735678516				-2637.222				16.2
319			-0.0017743744790435416				-2964.06				18.4
320			-0.032997689203910205				-3830.782				18.8
321			-0.032997689203910205				-3218.326				17.599999999999998
322			-0.03850587735678516				-3098.906				16.6
323			-0.03299768920391481				-2084.15				17.8
324			-0.03299768920391481				-1982.628				16.0
325			-0.03850587735678516				-3353.488				16.400000000000002
326			-0.03850587735678516				-2585.104				20.0
327			-0.03850587735678516				-2974.7				18.2
328			-0.03850587735678516				-2580.266				18.2
329			-0.07630165016530904				-2340.098				21.0
330			-0.07630165016530904				-3467.376				20.200000000000003
331			-0.04595044552261114				-2509.404				19.0
332			-0.0385058773567853				-2822.772				16.6
333			-0.0385058773567853				-2897.494				20.8
334			-0.0017743744790435756				-2835.516				19.8
335			-0.0017743744790435756				-2901.704				18.2
336			-0.0017743744790435756				-2523.72				19.2
337			-0.009935551064928706				-2542.822				18.8
338			-0.04595044552261114				-3250.214				19.0
339			-0.04595044552261114				-3090.766				18.6
340			-0.04595044552261114				-2364.604				20.0
341			-0.0017743744790435756				-3687.592				20.4
342			-0.03299768920391481				-2806.646				21.6
343			-0.03299768920391481				-3379.716				20.200000000000003
344			-0.009935551064928706				-3530.052				16.2
345			-0.08143793510348063				-3132.682				19.6
346			-0.03299768920391481				-3917.408				14.399999999999999
347			-0.1085768183384341				-2585.232				17.0
348			-0.08143793510348063				-2742.654				15.6
349			-0.0385058773567853				-3272.458				15.2
350			-0.13839293171038114				-2776.272				17.599999999999998
351			-0.0385058773567853				-3374.738				17.8
352			-0.0017743744790435756				-2695.952				17.4
353			-0.009935551064928706				-3076.454				16.8
354			-0.03299768920391481				-2947.818				13.8
355			-0.07822916126217468				-2801.692				16.400000000000002
356			-0.07822916126217468				-3075.666				17.4
357			-0.07822916126216624				-3073.692				16.0
358			-0.009935551064926385				-2493.676				15.6
359			-0.009935551064926385				-4150.188				14.799999999999999
360			-0.07630165016530904				-3326.532				16.8
361			-0.12935668873696432				-3145.738				16.2
362			-0.04595044552261114				-3698.676				19.6
363			-0.04595044552260595				-3965.75				16.6
364			-0.04595044552261114				-2882.522				17.8
365			-0.0				-3380.544				20.599999999999998
366			-0.0017743744790435756				-3430.454				16.0
367			-0.009935551064928706				-3731.946				19.2
368			-0.07822916126217468				-2812.164				17.599999999999998
369			-0.009935551064928706				-3857.142				16.8
370			-0.009935551064928706				-3115.942				17.8
371			-0.009935551064928706				-3235.54				18.0
372			-0.009935551064928706				-3926.836				16.0
373			-0.009935551064928706				-2767.328				19.6
374			-0.009935551064928706				-2354.314				18.8
375			-0.04595044552261114				-2941.618				20.0
376			-0.13839293171038114				-4364.074				19.6
377			-0.08143793510348099				-3413.804				19.8
378			-0.0017743744790435416				-2356.328				20.0
379			-0.0017743744790435416				-2801.434				20.0
380			-0.115475652534196				-3031.218				19.400000000000002
381			-0.12935668873696432				-3237.602				20.4
382			-0.009935551064928706				-2544.208				21.4
383			-0.07630165016530904				-3526.188				18.6
384			-0.0017743744790435416				-2524.476				22.0
385			-0.07630165016530904				-3027.582				18.6
386			-0.10857681833843358				-2758.632				17.8
387			-0.10857681833843358				-2791.98				18.4
388			-0.13839293171038114				-2121.996				18.6
389			-0.13839293171038114				-3126.85				18.0
390			-0.0				-3006.0				18.6
391			-0.0				-3235.554				20.0
392			-0.009935551064928706				-2861.246				16.0
393			-0.04595044552260595				-2814.772				16.2
394			-0.07822916126216624				-3107.936				18.4
395			-0.07822916126216624				-3101.106				18.4
396			-0.03299768920391481				-2519.264				24.4
397			-0.03299768920391481				-3109.008				22.400000000000002
398			-0.08143793510348099				-3023.168				21.6
399			-0.0017743744790435416				-2788.744				21.8
400			-0.03299768920391481				-4276.606				19.6
401			-0.03299768920391481				-2895.572				19.2
402			-0.07630165016530904				-2120.604				21.4
403			-0.0017743744790435756				-3794.62				19.400000000000002
404			-0.0017743744790435756				-3162.09				18.2
405			-0.12935668873696432				-2639.496				16.2
406			-0.009935551064926385				-3636.516				16.8
407			-0.009935551064928706				-2669.168				18.0
408			-0.009935551064928706				-2850.86				16.2
409			-0.07822916126216624				-3519.682				19.8
410			-0.0017743744790435756				-3747.21				22.8
411			-0.0017743744790435756				-3648.72				20.599999999999998
412			-0.0017743744790435756				-2984.268				21.2
413			-0.0017743744790435756				-3393.59				20.4
414			-0.07630165016530904				-2695.044				23.400000000000002
415			-0.08515105463976208				-3235.288				21.0
416			-0.0385058773567853				-2634.47				19.6
417			-0.03850587735678516				-2628.796				19.2
418			-0.04595044552261114				-3030.704				19.6
419			-0.07630165016530904				-2880.552				18.6
420			-0.04595044552261114				-3107.148				14.000000000000002
421			-0.03850587735678516				-2894.954				16.0
422			-0.08143793510348099				-2631.894				18.8
423			-0.04595044552261114				-2810.518				18.2
424			-0.04595044552261114				-3133.858				17.8
425			-0.0				-3244.632				19.8
426			-0.0				-2492.064				23.0
427			-0.07822916126216624				-3975.722				20.4
428			-0.07822916126216624				-2058.804				20.0
429			-0.0017743744790435416				-3236.27				21.6
430			-0.04595044552261114				-1985.9				21.6
431			-0.08143793510348099				-2971.984				24.0
432			-0.0017743744790435416				-2236.99				25.0
433			-0.04595044552261114				-3228.514				24.2
434			-0.03850587735678516				-3502.654				23.799999999999997
435			-0.03850587735678516				-4621.616				21.4
436			-0.07822916126217468				-3132.258				19.8
437			-0.12935668873696302				-2670.492				20.4
438			-0.0				-2657.1				19.2
439			-0.03850587735678516				-2494.77				18.0
440			-0.0				-2215.486				17.8
441			-0.0				-2909.022				14.000000000000002
442			-0.07630165016530904				-3053.836				16.2
443			-0.009935551064928706				-3012.74				17.2
444			-0.0017743744790435416				-2528.388				15.4
445			-0.0017743744790435416				-2968.76				16.400000000000002
446			-0.0017743744790435416				-3160.154				17.4
447			-0.009935551064926385				-2704.89				19.400000000000002
448			-0.0				-1954.528				18.2
449			-0.07630165016530904				-2100.88				19.400000000000002
450			-0.032997689203910205				-3619.396				19.8
451			-0.08515105463976208				-3092.678				20.0
452			-0.07630165016530904				-2464.538				18.4
453			-0.07630165016530904				-3273.08				18.2
454			-0.08515105463977082				-2521.96				16.8
455			-0.07630165016530904				-3457.776				16.6
456			-0.0				-3118.064				14.6
457			-0.0				-2456.506				13.0
458			-0.032997689203910205				-2213.026				16.2
459			-0.0017743744790435416				-3232.56				17.0
460			-0.009935551064926385				-2776.098				17.0
461			-0.009935551064926385				-2554.742				15.0
462			-0.03299768920391481				-2708.02				14.399999999999999
463			-0.03299768920391481				-2897.836				15.0
464			-0.03299768920391481				-3679.12				15.2
465			-0.08515105463977082				-2629.414				13.8
466			-0.04595044552260595				-2644.56				19.2
467			-0.009935551064926385				-3560.522				16.2
468			-0.009935551064926385				-2750.58				14.399999999999999
469			-0.009935551064926385				-2287.074				19.400000000000002
470			-0.009935551064928706				-3400.958				18.0
471			-0.009935551064928706				-3320.07				17.8
472			-0.07630165016530904				-2109.02				16.400000000000002
473			-0.009935551064928706				-2836.812				12.8
474			-0.04595044552260595				-3571.72				14.6
475			-0.009935551064926385				-3013.138				16.8
476			-0.009935551064926385				-3151.534				19.400000000000002
477			-0.009935551064926385				-3603.346				20.599999999999998
478			-0.009935551064926385				-2442.216				20.4
479			-0.009935551064926385				-2451.09				19.400000000000002
480			-0.0017743744790435416				-3310.188				17.2
481			-0.03850587735678516				-3245.182				15.4
482			-0.04595044552261114				-3013.012				14.799999999999999
483			-0.04595044552261114				-3013.08				15.2
484			-0.009935551064928706				-2396.04				15.6
485			-0.04595044552261114				-2565.174				18.4
486			-0.009935551064928706				-3009.608				18.6
487			-0.009935551064928706				-3108.892				15.0
488			-0.0				-2753.024				17.599999999999998
489			-0.0				-2641.826				18.2
490			-0.0017743744790435416				-3428.894				15.6
491			-0.0017743744790435416				-2668.508				19.0
492			-0.0017743744790435416				-2736.272				19.400000000000002
493			-0.0017743744790435416				-2342.814				24.2
494			-0.009935551064928706				-2047.446				20.4
495			-0.009935551064928706				-2365.562				19.8
496			-0.009935551064928706				-3206.42				18.6
497			-0.009935551064928706				-2284.97				19.400000000000002
498			-0.03850587735678516				-2872.094				19.0
499			-0.03299768920391481				-3915.634				18.6
500			-0.03299768920391481				-3079.508				16.8
501			-0.0385058773567853				-2519.412				20.4
502			-0.03299768920391481				-3116.764				20.599999999999998
503			-0.009935551064928706				-2555.594				18.0
504			-0.04595044552260595				-2980.12				19.400000000000002
505			-0.0				-3101.218				19.2
506			-0.03299768920391481				-2886.374				17.0
507			-0.10857681833843358				-2508.25				19.6
508			-0.0017743744790435756				-1925.256				16.2
509			-0.009935551064928706				-3831.206				15.6
510			-0.0017743744790435416				-3895.01				17.0
511			-0.0017743744790435416				-2955.032				15.2
512			-0.0017743744790435416				-3586.378				15.8
513			-0.08143793510348099				-2655.02				15.6
514			-0.0				-2926.972				15.6
515			-0.10857681833843358				-2973.662				16.400000000000002
516			-0.009935551064926385				-2810.142				17.8
517			-0.009935551064926385				-2309.378				20.0
518			-0.009935551064926385				-2487.88				19.0
519			-0.009935551064926385				-2801.11				17.8
520			-0.009935551064926385				-2332.598				19.0
521			-0.009935551064926385				-2752.074				16.2
522			-0.009935551064926385				-3634.332				15.6
523			-0.009935551064926385				-3470.712				15.2
524			-0.009935551064926385				-2400.842				17.2
525			-0.0017743744790435756				-3504.09				15.8
526			-0.07630165016530904				-3528.516				16.2
527			-0.08143793510348099				-2847.646				16.2
528			-0.08143793510348099				-2433.424				18.6
529			-0.0				-2573.944				16.2
530			-0.04595044552261114				-2936.516				17.0
531			-0.032997689203910205				-2078.28				19.400000000000002
532			-0.04595044552261114				-3035.004				21.2
533			-0.07630165016530904				-2459.172				21.6
534			-0.04595044552261114				-2946.484				19.400000000000002
535			-0.009935551064928706				-2871.08				18.2
536			-0.03299768920391481				-2509.716				19.2
537			-0.03299768920391481				-2107.434				19.400000000000002
538			-0.03299768920391481				-3220.892				18.0
539			-0.0385058773567853				-2892.022				18.8
540			-0.07630165016530904				-3286.518				20.200000000000003
541			-0.07630165016530904				-3257.722				19.0
542			-0.0017743744790435416				-3679.812				16.400000000000002
543			-0.08143793510348099				-2889.966				20.599999999999998
544			-0.009935551064926385				-2510.642				19.8
545			-0.032997689203910205				-2297.346				20.200000000000003
546			-0.032997689203910205				-2784.766				20.8
547			-0.0				-3575.258				20.599999999999998
548			-0.0385058773567853				-2433.668				18.4
549			-0.08515105463976208				-3297.786				16.8
550			-0.07822916126216624				-2947.324				16.0
551			-0.07822916126216624				-2526.992				18.2
552			-0.04595044552261114				-2856.352				16.0
553			-0.04595044552261114				-2413.932				16.8
554			-0.08143793510348099				-3401.22				17.0
555			-0.08515105463976208				-2285.578				15.6
556			-0.04595044552261114				-2755.906				17.4
557			-0.04595044552261114				-3233.176				21.0
558			-0.04595044552261114				-2606.026				15.8
559			-0.009935551064928706				-3465.942				17.4
560			-0.009935551064928706				-3329.122				17.2
561			-0.0				-3648.044				18.2
562			-0.07630165016530904				-2912.5				18.8
563			-0.08143793510348099				-3018.33				22.400000000000002
564			-0.08143793510348099				-2952.244				19.400000000000002
565			-0.03299768920391481				-2543.588				20.4
566			-0.03299768920391481				-3172.636				18.0
567			-0.032997689203910205				-3399.488				16.0
568			-0.009935551064926385				-3207.636				14.799999999999999
569			-0.03299768920391481				-3033.108				17.8
570			-0.03299768920391481				-3310.602				18.2
571			-0.009935551064928706				-3538.394				19.6
572			-0.04595044552261114				-3108.638				18.8
573			-0.04595044552261114				-2904.242				18.0
574			-0.04595044552261114				-4063.538				15.2
575			-0.009935551064926385				-2702.992				18.4
576			-0.009935551064928706				-4081.088				15.6
577			-0.07630165016530904				-2694.342				17.599999999999998
578			-0.009935551064928706				-2835.978				16.6
579			-0.08143793510348099				-2628.208				21.8
580			-0.03850587735678516				-2783.336				20.200000000000003
581			-0.0017743744790435756				-2896.73				21.2
582			-0.0017743744790435416				-3470.336				16.6
583			-0.07822916126217468				-3475.402				17.2
584			-0.0017743744790435756				-3105.86				15.8
585			-0.0017743744790435756				-2973.27				15.0
586			-0.0				-3329.166				19.2
587			-0.0				-3059.354				17.0
588			-0.03299768920391481				-2879.874				16.400000000000002
589			-0.03299768920391481				-2458.232				18.6
590			-0.04595044552261114				-3501.068				19.2
591			-0.0017743744790435756				-2586.394				17.8
592			-0.0				-2546.816				19.6
593			-0.0				-3082.224				18.6
594			-0.0				-2555.902				19.2
595			-0.009935551064928706				-2409.432				17.0
596			-0.009935551064928706				-2283.89				18.8
597			-0.07630165016530904				-2429.846				17.4
598			-0.07630165016530904				-3021.106				14.799999999999999
599			-0.0017743744790435416				-2345.012				18.8
600			-0.0017743744790435416				-2924.918				22.8
601			-0.0017743744790435416				-2971.588				22.6
602			-0.0017743744790435416				-3038.786				22.8
603			-0.08143793510348063				-2820.202				18.0
604			-0.009935551064928706				-3336.62				22.0
605			-0.08143793510348063				-3407.34				18.2
606			-0.0017743744790435756				-2688.822				17.599999999999998
607			-0.08143793510348099				-2759.74				16.0
608			-0.04595044552261114				-2349.334				21.8
609			-0.07630165016530904				-3185.472				20.599999999999998
610			-0.0017743744790435756				-2628.364				18.8
611			-0.0017743744790435756				-2275.47				21.4
612			-0.08515105463976208				-2969.186				19.0
613			-0.032997689203910205				-3593.012				17.599999999999998
614			-0.032997689203910205				-3445.81				20.200000000000003
615			-0.0017743744790435416				-2810.378				16.400000000000002
616			-0.07630165016530904				-2801.224				16.8
617			-0.0385058773567853				-3471.948				18.2
618			-0.0017743744790435416				-3142.52				19.6
619			-0.0017743744790435416				-4426.454				15.8
620			-0.07630165016530904				-4000.976				18.8
621			-0.04595044552261114				-3376.43				16.8
622			-0.08515105463977082				-3117.91				18.6
623			-0.032997689203910205				-2831.8				17.599999999999998
624			-0.07630165016530904				-4242.26				19.8
625			-0.03850587735678516				-2544.756				17.8
626			-0.04595044552260595				-2383.3				19.8
627			-0.009935551064928706				-2330.622				22.400000000000002
628			-0.009935551064928706				-3046.22				17.4
629			-0.009935551064928706				-2856.624				19.0
630			-0.009935551064928706				-2264.564				19.6
631			-0.0385058773567853				-2675.828				19.2
632			-0.0385058773567853				-2911.244				19.400000000000002
633			-0.0017743744790435416				-2808.91				19.8
634			-0.0017743744790435416				-2568.984				19.6
635			-0.0017743744790435416				-4083.686				20.200000000000003
636			-0.0017743744790435416				-3353.386				17.2
637			-0.0385058773567853				-4505.084				16.2
638			-0.0385058773567853				-3329.992				17.4
639			-0.0385058773567853				-3202.062				18.0
640			-0.12935668873696432				-2339.606				16.8
641			-0.009935551064928706				-3672.24				17.599999999999998
642			-0.03850587735678516				-3449.256				16.8
643			-0.19832374529596844				-3187.102				17.4
644			-0.009935551064928706				-3670.836				18.4
645			-0.009935551064928706				-2291.378				19.0
646			-0.24061014595131755				-2240.936				17.4
647			-0.0385058773567853				-3870.196				17.4
648			-0.12935668873696432				-3093.716				20.0
649			-0.03850587735678516				-2380.122				20.4
650			-0.08515105463976208				-2595.238				19.0
651			-0.0017743744790435416				-2734.616				21.4
652			-0.0017743744790435416				-2424.786				21.6
653			-0.0017743744790435416				-2667.126				20.4
654			-0.0385058773567853				-3026.618				21.8
655			-0.04595044552261114				-3164.036				19.6
656			-0.08143793510348063				-3114.482				18.6
657			-0.04595044552261114				-2328.508				23.200000000000003
658			-0.07630165016530904				-3324.912				20.200000000000003
659			-0.15473302271432912				-3141.416				21.2
660			-0.08143793510348099				-3080.728				21.6
661			-0.0017743744790435416				-2887.154				22.8
662			-0.0017743744790435416				-2872.658				20.8
663			-0.12935668873696432				-3280.052				19.8
664			-0.032997689203910205				-2503.28				21.0
665			-0.0017743744790435756				-2640.546				19.2
666			-0.009935551064928706				-2166.834				21.4
667			-0.03850587735678516				-2751.662				20.599999999999998
668			-0.04595044552260595				-2660.0				20.4
669			-0.08143793510348063				-3400.93				18.6
670			-0.009935551064926385				-3955.668				16.8
671			-0.07630165016530904				-2858.238				20.0
672			-0.1085768183384341				-2575.106				21.4
673			-0.0				-2252.196				21.6
674			-0.009935551064928706				-3560.838				16.2
675			-0.0				-2778.952				18.0
676			-0.0				-2600.686				15.4
677			-0.03299768920391481				-3330.732				18.2
678			-0.03299768920391481				-3058.866				17.8
679			-0.10857681833843358				-3922.4				19.6
680			-0.009935551064928706				-2995.416				19.400000000000002
681			-0.009935551064928706				-2670.9				18.8
682			-0.13839293171037736				-3147.906				17.4
683			-0.009935551064928706				-2487.12				17.8
684			-0.08143793510348099				-2547.326				16.2
685			-0.009935551064928706				-3008.912				18.0
686			-0.07630165016530904				-3094.018				17.599999999999998
687			-0.0017743744790435416				-2677.384				18.6
688			-0.009935551064928706				-3220.912				18.0
689			-0.13839293171038114				-3471.688				17.4
690			-0.0				-3162.208				17.0
691			-0.0				-3156.278				18.2
692			-0.0				-2980.52				19.6
693			-0.03850587735678516				-3199.322				19.8
694			-0.07822916126217468				-2538.02				17.599999999999998
695			-0.13839293171038114				-2400.9				19.400000000000002
696			-0.0				-2927.828				20.4
697			-0.15473302271432912				-3403.11				20.599999999999998
698			-0.15473302271432912				-3292.394				21.2
699			-0.009935551064926385				-3754.996				19.8
700			-0.0017743744790435756				-2936.23				20.200000000000003
701			-0.0017743744790435756				-2671.31				18.8
702			-0.009935551064928706				-2888.324				20.0
703			-0.15473302271432912				-3168.786				19.6
704			-0.115475652534196				-3608.354				19.2
705			-0.21196945959182045				-3308.908				21.4
706			-0.009935551064928706				-3399.77				21.6
707			-0.04595044552260595				-3031.594				24.0
708			-0.04595044552260595				-3206.622				20.8
709			-0.0385058773567853				-3092.868				23.799999999999997
710			-0.08515105463976208				-3130.712				19.6
711			-0.0				-3420.562				18.4
712			-0.0				-3279.43				19.8
713			-0.07630165016530904				-2571.262				20.200000000000003
714			-0.0				-2338.116				22.0
715			-0.0				-3040.584				22.2
716			-0.20596520339898283				-3348.086				19.6
717			-0.04595044552260595				-2531.7				17.4
718			-0.04595044552260595				-2307.5				22.0
719			-0.04595044552260595				-2569.994				22.8
720			-0.11547565253420261				-4020.094				22.2
721			-0.0385058773567853				-3096.394				24.2
722			-0.0385058773567853				-3269.88				26.0
723			-0.10857681833843358				-3071.076				26.400000000000002
724			-0.13839293171038114				-3317.004				26.0
725			-0.1085768183384341				-3639.542				19.400000000000002
726			-0.0385058773567853				-3390.924				20.0
727			-0.0017743744790435416				-3395.114				19.400000000000002
728			-0.009935551064928706				-2773.774				18.4
729			-0.08143793510348099				-2825.742				21.0
730			-0.009935551064928706				-2949.258				21.0
731			-0.07630165016530904				-2436.046				20.4
732			-0.10857681833843358				-2882.15				20.4
733			-0.07822916126217468				-3100.36				21.8
734			-0.009935551064926385				-2429.844				21.2
735			-0.08143793510348099				-2123.284				19.400000000000002
736			-0.08143793510348099				-3427.264				20.599999999999998
737			-0.0017743744790435416				-3350.118				20.4
738			-0.115475652534196				-3467.736				21.2
739			-0.115475652534196				-2962.224				20.0
740			-0.1085768183384341				-2904.444				19.0
741			-0.04595044552261114				-2500.202				17.0
742			-0.03850587735678516				-2883.354				19.0
743			-0.07822916126217468				-3659.072				18.2
744			-0.009935551064928706				-3529.92				18.2
745			-0.0017743744790435416				-3113.456				15.4
746			-0.009935551064928706				-3605.874				16.8
747			-0.03850587735678516				-2455.01				20.200000000000003
748			-0.03850587735678516				-3655.26				17.599999999999998
749			-0.03850587735678516				-2958.106				19.2
750			-0.0017743744790435416				-4099.4				17.2
751			-0.009935551064926385				-2348.444				18.2
752			-0.032997689203910205				-2356.004				13.4
753			-0.0017743744790435756				-2062.122				16.8
754			-0.0017743744790435416				-2141.178				16.6
755			-0.0017743744790435756				-2558.518				15.2
756			-0.009935551064926385				-2458.584				19.0
757			-0.0				-2280.788				14.6
758			-0.0				-3353.08				12.8
759			-0.032997689203910205				-3712.996				17.0
760			-0.032997689203910205				-2861.506				18.2
761			-0.03299768920391481				-2446.176				16.400000000000002
762			-0.009935551064928706				-2856.71				18.6
763			-0.07822916126216624				-2301.192				17.4
764			-0.0017743744790435756				-3887.816				19.2
765			-0.0				-3294.732				20.200000000000003
766			-0.0385058773567853				-3846.43				15.4
767			-0.15378700499807657				-2846.632				17.2
768			-0.0385058773567853				-2687.616				19.2
769			-0.0017743744790435416				-2868.94				16.6
770			-0.07630165016530904				-3971.272				20.4
771			-0.12935668873696432				-3454.714				19.400000000000002
772			-0.1085768183384341				-2908.974				18.6
773			-0.07630165016530904				-3164.758				21.2
774			-0.04595044552260595				-3053.548				21.8
775			-0.03850587735678516				-4417.594				21.8
776			-0.12935668873696432				-2380.122				20.8
777			-0.08515105463976208				-2637.154				20.200000000000003
778			-0.12935668873696432				-3547.628				19.8
779			-0.12935668873696432				-2683.538				18.0
780			-0.08515105463976208				-2608.068				18.0
781			-0.0				-3080.824				20.4
782			-0.0				-2807.56				20.200000000000003
783			-0.0017743744790435416				-2862.21				19.2
784			-0.0017743744790435756				-2662.416				17.8
785			-0.0				-3111.108				18.4
786			-0.03299768920391481				-2266.052				21.8
787			-0.07630165016530904				-3110.732				19.400000000000002
788			-0.15378700499807657				-2524.182				20.8
789			-0.15378700499807657				-3027.272				21.6
790			-0.07630165016530904				-2753.804				19.0
791			-0.08143793510348099				-2917.134				21.0
792			-0.0017743744790435756				-2969.572				20.8
793			-0.07630165016530904				-3038.278				20.8
794			-0.07630165016530904				-2725.138				21.6
795			-0.032997689203910205				-3496.442				19.8
796			-0.07630165016530904				-2992.736				21.0
797			-0.07630165016530904				-2783.86				25.0
798			-0.08143793510348099				-2225.212				20.4
799			-0.07630165016530904				-3035.662				18.6
800			-0.0017743744790435756				-2493.66				18.0
801			-0.0017743744790435756				-3794.856				18.4
802			-0.08515105463977082				-3491.36				17.0
803			-0.08515105463977082				-3626.34				21.2
804			-0.0017743744790435756				-3407.808				20.0
805			-0.08515105463977082				-2679.178				17.599999999999998
806			-0.08515105463977082				-3541.234				17.4
807			-0.03299768920391481				-3239.44				18.6
808			-0.08515105463977082				-2924.614				16.8
809			-0.08515105463977082				-3042.288				21.0
810			-0.009935551064928706				-2804.158				22.400000000000002
811			-0.0017743744790435756				-2705.076				21.6
812			-0.04595044552261114				-2541.108				16.8
813			-0.009935551064928706				-2843.94				20.599999999999998
814			-0.009935551064928706				-2785.786				20.4
815			-0.009935551064928706				-2803.32				21.4
816			-0.0385058773567853				-2895.302				20.4
817			-0.0385058773567853				-3497.876				19.8
818			-0.08143793510348063				-3265.97				21.8
819			-0.08143793510348099				-2076.166				21.0
820			-0.0017743744790435756				-2692.818				21.6
821			-0.0017743744790435756				-2823.912				21.2
822			-0.14349965359491829				-2699.856				24.8
823			-0.032997689203910205				-3475.15				21.2
824			-0.032997689203910205				-2697.688				19.2
825			-0.07630165016530904				-3489.588				21.6
826			-0.04595044552261114				-2737.032				19.6
827			-0.04595044552261114				-2986.0				16.8
828			-0.04595044552261114				-2992.152				19.0
829			-0.04595044552260595				-4553.232				21.6
830			-0.04595044552261114				-2748.93				19.6
831			-0.08515105463977082				-2968.892				19.6
832			-0.15473302271432912				-2930.554				18.2
833			-0.12935668873696432				-3106.912				21.8
834			-0.03299768920391481				-3113.51				21.6
835			-0.03299768920391481				-2977.564				22.400000000000002
836			-0.03299768920391481				-3974.004				21.6
837			-0.03299768920391481				-3604.616				21.4
838			-0.15473302271432912				-3197.558				24.0
839			-0.009935551064928706				-3082.466				23.400000000000002
840			-0.009935551064928706				-3636.866				22.0
841			-0.009935551064928706				-2976.004				23.200000000000003
842			-0.07822916126216624				-3484.862				22.400000000000002
843			-0.0017743744790435756				-2352.4				22.6
844			-0.07822916126217468				-3111.968				17.8
845			-0.0017743744790435756				-3199.02				18.4
846			-0.0017743744790435756				-2623.306				20.0
847			-0.0017743744790435756				-3469.034				21.0
848			-0.03299768920391481				-3030.01				17.599999999999998
849			-0.03299768920391481				-2639.106				18.8
850			-0.08515105463977082				-2450.48				20.0
851			-0.07822916126216624				-2118.196				21.6
852			-0.07822916126216624				-1746.466				18.0
853			-0.04595044552260595				-3606.036				21.2
854			-0.04595044552260595				-2811.76				19.2
855			-0.0385058773567853				-3113.118				16.6
856			-0.009935551064926385				-3290.54				19.2
857			-0.07630165016530904				-3258.746				18.8
858			-0.08515105463976208				-2394.616				15.2
859			-0.009935551064926385				-2624.222				18.4
860			-0.009935551064926385				-3592.14				20.4
861			-0.032997689203910205				-3285.904				21.6
862			-0.0				-3124.65				19.6
863			-0.0017743744790435756				-3256.988				22.400000000000002
864			-0.21196945959182045				-3469.036				21.2
865			-0.03299768920391481				-2730.47				20.599999999999998
866			-0.0				-3313.516				22.2
867			-0.0017743744790435756				-3311.998				20.0
868			-0.0017743744790435756				-2863.216				19.0
869			-0.03299768920391481				-3196.288				20.200000000000003
870			-0.0				-4230.556				16.0
871			-0.04595044552261114				-2878.52				18.2
872			-0.07630165016530904				-3244.92				21.4
873			-0.07630165016530904				-3817.314				20.8
874			-0.12935668873696432				-2541.986				20.0
875			-0.08143793510348099				-2655.686				18.6
876			-0.032997689203910205				-3777.786				18.0
877			-0.009935551064928706				-2578.438				19.0
878			-0.0017743744790435416				-3365.938				16.400000000000002
879			-0.0017743744790435416				-2808.06				18.2
880			-0.0017743744790435416				-2901.698				15.4
881			-0.0385058773567853				-2473.308				16.6
882			-0.0				-2220.11				17.599999999999998
883			-0.15378700499807657				-2690.686				15.4
884			-0.03299768920391481				-2331.306				15.6
885			-0.03299768920391481				-2837.688				20.8
886			-0.14349965359491745				-2818.402				19.0
887			-0.0385058773567853				-3141.782				19.400000000000002
888			-0.07630165016530904				-3191.948				17.8
889			-0.04595044552261114				-2826.9				17.8
890			-0.15473302271432912				-2788.934				18.0
891			-0.0017743744790435416				-3506.928				17.599999999999998
892			-0.0017743744790435756				-3086.93				15.8
893			-0.0017743744790435756				-3336.894				18.0
894			-0.0017743744790435756				-3809.194				17.599999999999998
895			-0.07822916126217468				-3154.22				16.6
896			-0.12935668873696432				-2416.346				17.599999999999998
897			-0.009935551064928706				-3879.83				17.2
898			-0.03299768920391481				-3115.62				20.200000000000003
899			-0.0385058773567853				-3675.34				19.8
900			-0.04595044552261114				-3129.894				19.400000000000002
901			-0.03299768920391481				-2222.676				18.4
902			-0.009935551064926385				-2692.928				19.400000000000002
903			-0.009935551064928706				-2750.022				18.4
904			-0.009935551064928706				-2782.89				16.6
905			-0.10857681833843358				-3302.404				16.400000000000002
906			-0.08143793510348099				-2584.408				16.2
907			-0.10857681833843358				-2939.456				18.6
908			-0.0017743744790435756				-2480.858				19.0
909			-0.04595044552261114				-3142.022				20.599999999999998
910			-0.08143793510348099				-2826.62				18.8
911			-0.03299768920391481				-3251.578				19.2
912			-0.0				-3730.266				21.0
913			-0.0				-3259.414				21.8
914			-0.0				-3600.352				20.4
915			-0.13537750023982914				-3253.314				18.8
916			-0.07630165016530904				-3395.154				20.599999999999998
917			-0.07630165016530904				-2504.72				21.0
918			-0.0017743744790435756				-2046.858				21.2
919			-0.0017743744790435756				-2781.664				21.4
920			-0.0017743744790435416				-2559.148				21.8
921			-0.0017743744790435416				-3548.01				18.0
922			-0.0017743744790435416				-2674.35				19.0
923			-0.03299768920391481				-3220.922				16.2
924			-0.03299768920391481				-2918.632				17.2
925			-0.08515105463977082				-3132.646				18.6
926			-0.08515105463977082				-2656.714				18.6
927			-0.08515105463977082				-3205.306				20.0
928			-0.07630165016530904				-3172.956				16.0
929			-0.04595044552261114				-3525.168				16.400000000000002
930			-0.04595044552261114				-3321.448				16.2
931			-0.07630165016530904				-2636.774				18.8
932			-0.04595044552261114				-2987.294				17.599999999999998
933			-0.0				-2651.728				18.0
934			-0.009935551064928706				-3464.628				20.200000000000003
935			-0.009935551064928706				-3636.382				19.2
936			-0.0385058773567853				-3101.474				19.2
937			-0.0385058773567853				-2594.57				17.599999999999998
938			-0.03299768920391481				-2943.706				17.599999999999998
939			-0.0385058773567853				-3077.556				19.6
940			-0.03850587735678516				-3773.84				18.4
941			-0.1960745881755769				-4151.688				18.6
942			-0.0017743744790435756				-3842.982				20.599999999999998
943			-0.14349965359491829				-3397.98				17.8
944			-0.0017743744790435416				-3494.656				17.2
945			-0.07630165016530904				-2721.656				18.0
946			-0.07630165016530904				-2416.066				18.6
947			-0.0017743744790435416				-2956.092				20.599999999999998
948			-0.12935668873696432				-3052.836				18.6
949			-0.12935668873696432				-3042.126				18.6
950			-0.03850587735678516				-2568.828				17.8
951			-0.03299768920391481				-2443.836				18.8
952			-0.14349965359491829				-3944.438				19.400000000000002
953			-0.08143793510348099				-2703.898				16.400000000000002
954			-0.08143793510348099				-4159.88				18.6
955			-0.009935551064926385				-2897.194				18.0
956			-0.009935551064928706				-3297.292				18.0
957			-0.08143793510348099				-3052.79				18.6
958			-0.14349965359491745				-2999.116				18.4
959			-0.0385058773567853				-3085.788				18.0
960			-0.0385058773567853				-2881.48				20.200000000000003
961			-0.0017743744790435416				-2714.962				17.8
962			-0.009935551064926385				-2506.216				16.8
963			-0.009935551064926385				-2714.92				18.6
964			-0.0385058773567853				-2848.586				19.6
965			-0.07630165016530904				-2973.546				19.0
966			-0.0017743744790435756				-3638.02				17.4
967			-0.0017743744790435756				-3373.16				19.2
968			-0.0017743744790435756				-2737.598				17.0
969			-0.07630165016530904				-3682.338				14.6
970			-0.0017743744790435756				-3341.646				16.2
971			-0.07630165016530904				-3107.138				17.0
972			-0.07630165016530904				-2487.074				17.599999999999998
973			-0.07630165016530904				-2229.832				18.2
974			-0.07630165016530904				-2927.588				17.4
975			-0.03850587735678516				-3134.68				17.0
976			-0.0				-3496.276				19.400000000000002
977			-0.07630165016530904				-2912.244				19.2
978			-0.07630165016530904				-2618.15				18.8
979			-0.08143793510348099				-3192.394				20.0
980			-0.04595044552260595				-3767.352				19.2
981			-0.08143793510348099				-3625.456				17.0
982			-0.0385058773567853				-2854.616				18.6
983			-0.0385058773567853				-3493.212				17.4
984			-0.0385058773567853				-3476.802				17.0
985			-0.0385058773567853				-3440.246				15.8
986			-0.07822916126216624				-2852.374				17.0
987			-0.10857681833843358				-2947.284				17.4
988			-0.009935551064928706				-2905.392				16.0
989			-0.009935551064928706				-2803.376				18.8
990			-0.009935551064928706				-3282.726				17.4
991			-0.009935551064928706				-3222.686				18.2
992			-0.03299768920391481				-3128.578				18.0
993			-0.009935551064928706				-2130.66				18.8
994			-0.009935551064928706				-3064.336				16.400000000000002
995			-0.009935551064928706				-2661.772				16.8
996			-0.009935551064928706				-1974.778				17.599999999999998
997			-0.0017743744790435416				-2774.594				15.8
998			-0.03299768920391481				-2433.294				19.6
999			-0.03299768920391481				-2792.8				14.799999999999999
1000			-0.04595044552261114				-2745.178				16.8
1001			-0.115475652534196				-3576.834				17.4
1002			-0.115475652534196				-2278.902				15.2
1003			-0.04595044552261114				-3838.804				16.400000000000002
1004			-0.0017743744790435416				-2418.544				16.0
1005			-0.0017743744790435416				-3081.41				15.4
1006			-0.0017743744790435416				-2785.742				18.2
1007			-0.1085768183384341				-3261.314				17.0
1008			-0.0385058773567853				-2603.438				17.2
1009			-0.07822916126216624				-2106.254				18.8
1010			-0.032997689203910205				-2927.512				17.4
1011			-0.032997689203910205				-2170.416				16.0
1012			-0.032997689203910205				-4124.618				16.0
1013			-0.0017743744790435416				-2453.604				21.8
1014			-0.0017743744790435416				-2866.642				19.8
1015			-0.032997689203910205				-3070.808				16.2
1016			-0.0017743744790435416				-3258.054				17.8
1017			-0.0017743744790435416				-3294.08				17.4
1018			-0.0017743744790435416				-3631.106				16.8
1019			-0.0385058773567853				-3184.534				13.600000000000001
1020			-0.04595044552261114				-3070.546				17.2
1021			-0.03299768920391481				-3517.402				16.2
1022			-0.04595044552261114				-3217.242				13.600000000000001
1023			-0.0017743744790435756				-2801.544				15.0
1024			-0.08143793510348099				-2999.13				17.0
1025			-0.08143793510348099				-2581.838				17.2
1026			-0.20596520339898283				-2746.206				16.2
1027			-0.03299768920391481				-3939.608				21.4
1028			-0.0385058773567853				-3722.956				18.6
1029			-0.0385058773567853				-3899.552				18.4
1030			-0.0017743744790435416				-3245.556				19.2
1031			-0.0385058773567853				-2581.184				19.8
1032			-0.0385058773567853				-2894.368				19.8
1033			-0.03299768920391481				-2473.602				15.6
1034			-0.0				-4372.83				16.8
1035			-0.0				-3197.752				17.4
1036			-0.0				-2831.758				20.4
1037			-0.0				-3320.974				18.8
1038			-0.0385058773567853				-2975.072				14.399999999999999
1039			-0.13537750023982914				-3577.198				16.2
1040			-0.07630165016530904				-4026.43				17.4
1041			-0.08515105463976208				-3181.598				16.400000000000002
1042			-0.0				-2820.596				17.599999999999998
1043			-0.08143793510348099				-2974.3				16.0
1044			-0.08143793510348099				-3446.91				18.8
1045			-0.0017743744790435756				-2577.512				19.8
1046			-0.0017743744790435756				-2603.866				20.8
1047			-0.0017743744790435756				-3173.782				21.0
1048			-0.009935551064926385				-3583.44				20.599999999999998
1049			-0.08143793510348063				-3537.13				21.8
1050			-0.08143793510348063				-3662.72				18.8
1051			-0.08143793510348063				-2772.178				19.2
1052			-0.0017743744790435756				-4019.808				19.400000000000002
1053			-0.07822916126217468				-2534.888				21.0
1054			-0.07630165016530904				-3049.866				18.6
1055			-0.04595044552261114				-3206.398				16.400000000000002
1056			-0.07630165016530904				-3468.188				18.4
1057			-0.12935668873696432				-3355.184				19.8
1058			-0.07630165016530904				-2929.236				18.6
1059			-0.009935551064928706				-3439.818				24.0
1060			-0.13839293171038114				-3227.606				19.0
1061			-0.0				-2596.864				17.2
1062			-0.0				-3347.034				20.200000000000003
1063			-0.009935551064928706				-3286.086				18.8
1064			-0.03850587735678516				-2522.644				16.0
1065			-0.03850587735678516				-2579.222				17.2
1066			-0.03850587735678516				-3173.344				21.0
1067			-0.08515105463976208				-4176.596				18.8
1068			-0.0017743744790435416				-2339.37				17.599999999999998
1069			-0.07630165016530951				-3501.402				19.2
1070			-0.0017743744790435416				-3723.514				15.0
1071			-0.12935668873696432				-3144.0				15.0
1072			-0.07822916126216624				-3491.24				17.2
1073			-0.0017743744790435756				-2438.612				17.0
1074			-0.0017743744790435756				-2635.886				21.0
1075			-0.0017743744790435756				-3260.412				19.2
1076			-0.0017743744790435756				-3995.058				19.2
1077			-0.0017743744790435756				-3143.376				16.0
1078			-0.0017743744790435756				-3202.292				18.0
1079			-0.03299768920391481				-3421.524				21.0
1080			-0.0385058773567853				-3539.144				18.2
1081			-0.12935668873696432				-2561.482				19.8
1082			-0.08143793510348063				-3178.866				18.6
1083			-0.0385058773567853				-2965.796				19.2
1084			-0.03850587735678516				-3398.44				21.4
1085			-0.04595044552260595				-3320.24				21.8
1086			-0.04595044552260595				-4593.644				17.2
1087			-0.04595044552261114				-3362.61				19.0
1088			-0.009935551064928706				-2968.6				20.599999999999998
1089			-0.0017743744790435416				-2860.984				22.400000000000002
1090			-0.009935551064928706				-3241.988				20.4
1091			-0.16762310535932193				-2104.954				22.2
1092			-0.0385058773567853				-2872.424				22.6
1093			-0.08143793510348099				-2951.212				20.200000000000003
1094			-0.07630165016530951				-2968.232				21.8
1095			-0.07630165016530951				-2796.346				20.200000000000003
1096			-0.07822916126216624				-2951.192				22.0
1097			-0.009935551064928706				-2722.542				23.400000000000002
1098			-0.0017743744790435756				-2849.36				21.0
1099			-0.032997689203910205				-2078.99				20.0
1100			-0.032997689203910205				-2143.806				21.6
1101			-0.032997689203910205				-2920.734				20.200000000000003
1102			-0.0017743744790435416				-2546.024				23.799999999999997
1103			-0.009935551064926385				-2700.126				21.2
1104			-0.0017743744790435416				-3496.056				23.200000000000003
1105			-0.0017743744790435416				-2733.046				20.4
1106			-0.03299768920391481				-2814.068				18.8
1107			-0.0385058773567853				-2811.464				17.599999999999998
1108			-0.009935551064928706				-3062.272				15.2
1109			-0.07630165016530904				-2661.758				17.4
1110			-0.009935551064926385				-3140.684				16.6
1111			-0.009935551064926385				-2650.7				20.599999999999998
1112			-0.07630165016530904				-2692.792				19.8
1113			-0.07630165016530904				-2667.076				19.2
1114			-0.0017743744790435416				-2580.604				19.2
1115			-0.009935551064928706				-3461.028				19.0
1116			-0.009935551064928706				-3105.694				18.6
1117			-0.009935551064928706				-3383.402				21.6
1118			-0.009935551064928706				-2995.84				20.8
1119			-0.009935551064928706				-2028.774				17.4
1120			-0.009935551064928706				-2821.38				22.6
1121			-0.009935551064928706				-3372.308				20.599999999999998
1122			-0.009935551064928706				-3058.23				20.0
1123			-0.03850587735678516				-3255.902				16.2
1124			-0.009935551064928706				-2562.236				22.0
1125			-0.009935551064928706				-2889.172				19.8
1126			-0.009935551064928706				-3696.794				18.6
1127			-0.0017743744790435756				-3068.76				18.6
1128			-0.009935551064928706				-2805.004				17.0
1129			-0.04595044552260595				-2851.51				18.2
1130			-0.03850587735678516				-2361.618				16.400000000000002
1131			-0.07822916126216624				-4755.824				19.2
1132			-0.115475652534196				-3655.106				14.799999999999999
1133			-0.07822916126216624				-3277.558				18.6
1134			-0.03299768920391481				-2199.562				19.6
1135			-0.0017743744790435416				-2892.166				20.0
1136			-0.04595044552260595				-3484.888				19.400000000000002
1137			-0.19832374529596844				-3791.452				21.0
1138			-0.03299768920391481				-2979.198				18.8
1139			-0.04595044552260595				-3003.53				16.400000000000002
1140			-0.0017743744790435416				-2630.67				20.0
1141			-0.009935551064928706				-3136.09				17.0
1142			-0.009935551064928706				-3983.296				16.400000000000002
1143			-0.0017743744790435756				-4113.896				17.599999999999998
1144			-0.009935551064928706				-3770.822				18.8
1145			-0.07822916126217468				-3425.154				17.599999999999998
1146			-0.04595044552261114				-3303.204				19.0
1147			-0.0				-3222.424				16.400000000000002
1148			-0.12935668873696432				-3065.398				16.2
1149			-0.13839293171038114				-4119.512				17.2
1150			-0.11547565253420261				-3662.466				16.2
1151			-0.07630165016530904				-3267.798				15.6
1152			-0.03850587735678516				-3956.092				20.200000000000003
1153			-0.07822916126216624				-2572.39				15.2
1154			-0.0				-3513.516				18.6
1155			-0.009935551064928706				-3283.644				16.6
1156			-0.08143793510348063				-3072.54				13.8
1157			-0.07630165016530904				-3271.504				19.0
1158			-0.009935551064926385				-2676.658				16.6
1159			-0.04595044552261114				-3138.73				16.2
1160			-0.0017743744790435416				-2392.338				16.400000000000002
1161			-0.0385058773567853				-2338.288				18.4
1162			-0.03299768920391481				-3822.914				17.599999999999998
1163			-0.03299768920391481				-3185.966				15.4
1164			-0.13839293171038114				-4174.812				15.6
1165			-0.07630165016530904				-2993.448				16.6
1166			-0.08515105463976208				-2929.868				14.399999999999999
1167			-0.03299768920391481				-3508.244				15.2
1168			-0.0017743744790435416				-3177.368				17.2
1169			-0.08515105463976208				-2818.554				16.400000000000002
1170			-0.0017743744790435416				-3509.312				14.6
1171			-0.03299768920391481				-3082.32				19.2
1172			-0.03299768920391481				-2583.684				18.0
1173			-0.03299768920391481				-3490.56				18.2
1174			-0.115475652534196				-2340.208				15.8
1175			-0.0				-3004.374				17.2
1176			-0.0				-3051.302				18.4
1177			-0.08515105463977082				-2621.12				15.2
1178			-0.0385058773567853				-3228.202				18.6
1179			-0.08143793510348063				-2826.494				18.4
1180			-0.08515105463976208				-2885.982				19.2
1181			-0.032997689203910205				-2554.656				18.8
1182			-0.009935551064926385				-2611.408				19.400000000000002
1183			-0.032997689203910205				-3232.242				18.0
1184			-0.009935551064928706				-2823.554				19.2
1185			-0.009935551064928706				-3366.112				17.599999999999998
1186			-0.0				-3033.394				18.0
1187			-0.009935551064928706				-2384.706				21.4
1188			-0.009935551064928706				-2936.964				19.2
1189			-0.08143793510348063				-3893.606				19.6
1190			-0.08143793510348063				-3646.782				16.6
1191			-0.08143793510348063				-3218.596				14.000000000000002
1192			-0.07822916126216624				-4395.738				14.399999999999999
1193			-0.0017743744790435756				-3759.768				14.6
1194			-0.08143793510348099				-2700.598				15.0
1195			-0.04595044552261114				-4004.516				15.6
1196			-0.009935551064928706				-2789.214				16.8
1197			-0.032997689203910205				-3070.094				16.0
1198			-0.04595044552260595				-2511.56				18.4
1199			-0.07630165016530904				-3169.396				21.4
1200			-0.0017743744790435416				-3030.866				19.2
1201			-0.04595044552261114				-3230.564				21.4
1202			-0.04595044552261114				-2847.268				17.2
1203			-0.04595044552261114				-3331.236				15.4
1204			-0.115475652534196				-3583.816				20.200000000000003
1205			-0.115475652534196				-2778.382				17.8
1206			-0.08515105463977082				-3339.502				21.6
1207			-0.07630165016530904				-3437.4				20.200000000000003
1208			-0.08143793510348099				-2515.98				21.8
1209			-0.07822916126216624				-2845.892				20.4
1210			-0.07822916126216624				-3012.644				22.2
1211			-0.07822916126216624				-2748.098				21.4
1212			-0.12935668873696432				-2464.552				24.6
1213			-0.07630165016530904				-3389.568				21.6
1214			-0.07822916126216624				-3538.694				18.8
1215			-0.08143793510348099				-3430.504				20.4
1216			-0.0017743744790435756				-2578.794				20.0
1217			-0.0017743744790435416				-3329.956				21.8
1218			-0.0017743744790435416				-3137.546				22.2
1219			-0.009935551064928706				-3461.588				21.4
1220			-0.08143793510348099				-2973.904				20.0
1221			-0.04595044552261114				-3667.186				21.8
1222			-0.04595044552261114				-3242.774				20.599999999999998
1223			-0.08143793510348063				-3111.708				20.599999999999998
1224			-0.07630165016530904				-3421.114				19.400000000000002
1225			-0.07630165016530904				-3124.894				22.8
1226			-0.12935668873696432				-2349.084				23.0
1227			-0.15473302271432912				-2439.594				24.8
1228			-0.08143793510348099				-2503.866				22.400000000000002
1229			-0.08143793510348099				-3190.986				21.8
1230			-0.115475652534196				-3760.162				21.2
1231			-0.04595044552261114				-3334.084				22.0
1232			-0.0385058773567853				-4415.082				18.8
1233			-0.0385058773567853				-2765.786				20.4
1234			-0.0017743744790435756				-2645.092				18.0
1235			-0.04595044552260595				-2582.304				15.6
1236			-0.04595044552260595				-3116.578				16.400000000000002
1237			-0.04595044552260595				-3042.012				19.0
1238			-0.07630165016530904				-3001.132				17.2
1239			-0.03299768920391481				-3275.272				15.6
1240			-0.03299768920391481				-2436.518				16.400000000000002
1241			-0.0				-3638.952				17.0
1242			-0.0				-3266.212				16.8
1243			-0.0017743744790435416				-3982.776				15.2
1244			-0.0				-3489.14				15.2
1245			-0.009935551064928706				-2999.826				16.2
1246			-0.04595044552261114				-3284.568				17.8
1247			-0.032997689203910205				-2418.51				19.2
1248			-0.04595044552261114				-2733.52				15.8
1249			-0.0				-2830.102				14.399999999999999
1250			-0.0				-2467.864				16.8
1251			-0.0				-2801.666				15.2
1252			-0.0385058773567853				-2430.534				14.799999999999999
1253			-0.115475652534196				-2848.636				16.2
1254			-0.009935551064926385				-3757.61				18.8
1255			-0.0017743744790435416				-2650.604				18.8
1256			-0.0017743744790435756				-2805.818				18.6
1257			-0.0017743744790435756				-3301.99				21.2
1258			-0.04595044552260595				-2933.1				18.2
1259			-0.0				-2678.62				21.8
1260			-0.0				-3277.768				19.0
1261			-0.0				-2715.426				21.8
1262			-0.0				-3764.522				18.6
1263			-0.115475652534196				-4197.82				16.2
1264			-0.03299768920391481				-2827.27				16.8
1265			-0.0017743744790435756				-2905.216				17.8
1266			-0.0017743744790435756				-2963.994				19.2
1267			-0.03299768920391481				-2534.186				21.8
1268			-0.07630165016530904				-2661.182				21.8
1269			-0.07630165016530904				-3248.888				20.0
1270			-0.07630165016530904				-3921.584				19.8
1271			-0.07630165016530904				-3220.91				18.4
1272			-0.009935551064928706				-3056.76				19.400000000000002
1273			-0.009935551064926385				-2865.25				23.200000000000003
1274			-0.03299768920391481				-3965.904				23.200000000000003
1275			-0.0017743744790435416				-3231.328				18.4
1276			-0.03299768920391481				-2602.154				20.4
1277			-0.08515105463977082				-2719.232				20.8
1278			-0.03299768920391481				-3690.15				22.0
1279			-0.1960745881755769				-2053.776				21.0
1280			-0.15473302271432912				-3182.26				21.4
1281			-0.19832374529596133				-2904.76				19.2
1282			-0.1960745881755769				-2368.262				20.599999999999998
1283			-0.07822916126217468				-3228.118				20.599999999999998
1284			-0.03299768920391481				-2990.866				21.2
1285			-0.04595044552261114				-2272.728				19.6
1286			-0.009935551064928706				-3472.984				20.4
1287			-0.07630165016530904				-3214.478				17.4
1288			-0.07822916126216624				-2981.49				20.200000000000003
1289			-0.10857681833843358				-2820.144				17.8
1290			-0.032997689203910205				-2782.146				17.8
1291			-0.07630165016530904				-3043.738				19.2
1292			-0.009935551064926385				-3603.566				19.6
1293			-0.009935551064926385				-3132.844				19.6
1294			-0.0017743744790435416				-2276.83				20.0
1295			-0.03299768920391481				-2928.476				17.4
1296			-0.0				-3326.538				20.0
1297			-0.0				-2873.336				15.4
1298			-0.0				-3764.126				14.799999999999999
1299			-0.0				-3082.854				16.0
1300			-0.0017743744790435416				-2722.652				16.400000000000002
1301			-0.009935551064928706				-2674.274				18.8
1302			-0.07630165016530904				-3475.784				16.0
1303			-0.0017743744790435416				-2646.838				18.4
1304			-0.0017743744790435416				-2788.378				17.8
1305			-0.03299768920391481				-2017.594				18.4
1306			-0.0017743744790435416				-3698.324				18.2
1307			-0.07630165016530904				-1986.066				19.400000000000002
1308			-0.0017743744790435756				-3300.518				19.8
1309			-0.0017743744790435756				-4062.828				16.8
1310			-0.03299768920391481				-3444.226				17.0
1311			-0.03299768920391481				-2942.726				16.8
1312			-0.03299768920391481				-3348.612				21.0
1313			-0.03299768920391481				-3317.874				16.6
1314			-0.03850587735678516				-2531.974				19.0
1315			-0.03850587735678516				-2545.36				16.6
1316			-0.03299768920391481				-2874.888				18.6
1317			-0.0017743744790435416				-3482.88				16.8
1318			-0.0017743744790435416				-3182.916				16.2
1319			-0.0385058773567853				-3464.52				15.4
1320			-0.07822916126216624				-2951.334				15.4
1321			-0.0385058773567853				-2621.172				17.0
1322			-0.0				-3243.712				16.400000000000002
1323			-0.009935551064928706				-3005.44				18.0
1324			-0.0017743744790435416				-2869.958				19.0
1325			-0.03299768920391481				-3022.288				16.8
1326			-0.03299768920391481				-2333.3				15.4
1327			-0.009935551064926385				-2460.678				15.4
1328			-0.0017743744790435416				-2842.228				15.6
1329			-0.0017743744790435416				-3189.39				14.000000000000002
1330			-0.0385058773567853				-3237.63				14.2
1331			-0.032997689203910205				-2660.35				16.8
1332			-0.0017743744790435416				-3078.51				16.400000000000002
1333			-0.0385058773567853				-2887.31				17.4
1334			-0.04595044552261114				-2850.052				17.2
1335			-0.07630165016530904				-2600.35				14.2
1336			-0.009935551064928706				-2165.06				17.8
1337			-0.1085768183384341				-3565.596				15.2
1338			-0.0				-2862.414				17.0
1339			-0.0				-3002.72				16.0
1340			-0.07630165016530904				-3471.584				18.2
1341			-0.009935551064928706				-2552.528				19.2
1342			-0.0385058773567853				-2121.064				17.4
1343			-0.03850587735678516				-1664.744				21.6
1344			-0.0385058773567853				-2529.086				22.0
1345			-0.07630165016530904				-2887.684				19.400000000000002
1346			-0.07630165016530904				-2327.998				20.8
1347			-0.08143793510348063				-2705.41				19.2
1348			-0.08143793510348099				-2392.428				18.8
1349			-0.07630165016530904				-3400.372				17.4
1350			-0.0				-3342.106				19.6
1351			-0.03299768920391481				-2655.508				21.8
1352			-0.0017743744790435756				-2668.59				17.0
1353			-0.07822916126216624				-3276.728				18.0
1354			-0.07822916126216624				-2968.066				14.000000000000002
1355			-0.03299768920391481				-3521.866				13.600000000000001
1356			-0.07630165016530904				-2660.114				14.6
1357			-0.009935551064928706				-2390.92				10.2
1358			-0.0385058773567853				-2801.076				12.8
1359			-0.04595044552261114				-2125.052				15.8
1360			-0.07630165016530904				-2449.16				15.2
1361			-0.07630165016530904				-3931.076				18.4
1362			-0.04595044552260595				-2653.758				17.8
1363			-0.0017743744790435416				-2778.258				17.599999999999998
1364			-0.0017743744790435756				-2724.868				15.8
1365			-0.07630165016530904				-2277.694				16.6
1366			-0.04595044552260595				-2531.056				20.8
1367			-0.0385058773567853				-3156.808				18.0
1368			-0.07630165016530904				-2389.536				22.6
1369			-0.009935551064928706				-2927.128				19.6
1370			-0.009935551064928706				-3479.2				20.8
1371			-0.03299768920391481				-2628.222				20.0
1372			-0.03299768920391481				-2348.096				17.0
1373			-0.0				-3238.87				20.200000000000003
1374			-0.0				-2958.914				21.8
1375			-0.0017743744790435416				-2988.614				19.2
1376			-0.0017743744790435416				-3491.136				18.2
1377			-0.0				-2393.748				18.4
1378			-0.0				-2742.848				18.0
1379			-0.0				-2602.116				17.8
1380			-0.0				-2952.812				19.2
1381			-0.0				-3118.808				16.0
1382			-0.0				-3821.03				16.8
1383			-0.03299768920391481				-3106.47				18.0
1384			-0.10857681833843358				-2244.276				17.0
1385			-0.0385058773567853				-2702.356				15.4
1386			-0.04595044552261114				-2904.588				14.799999999999999
1387			-0.03850587735678516				-2716.102				19.6
1388			-0.07630165016530904				-4052.844				15.8
1389			-0.009935551064926385				-2849.906				17.4
1390			-0.009935551064926385				-3026.538				19.8
1391			-0.0017743744790435416				-3482.832				16.8
1392			-0.0017743744790435416				-2757.072				19.2
1393			-0.03299768920391481				-2309.192				23.200000000000003
1394			-0.0017743744790435416				-2255.752				20.8
1395			-0.07630165016530904				-2697.294				19.400000000000002
1396			-0.009935551064928706				-3584.762				16.0
1397			-0.009935551064928706				-2797.174				16.0
1398			-0.0017743744790435416				-3294.752				18.0
1399			-0.0017743744790435416				-3848.29				16.8
1400			-0.0017743744790435756				-3644.742				15.8
1401			-0.0017743744790435756				-2954.212				14.799999999999999
1402			-0.0017743744790435756				-2547.854				15.0
1403			-0.0017743744790435756				-2590.216				17.0
1404			-0.009935551064928706				-3099.644				20.4
1405			-0.0017743744790435756				-3821.126				17.599999999999998
1406			-0.0017743744790435756				-2539.744				15.4
1407			-0.0017743744790435756				-2242.132				19.2
1408			-0.0017743744790435756				-2686.332				20.4
1409			-0.009935551064926385				-4172.4				16.6
1410			-0.009935551064928706				-3125.752				16.400000000000002
1411			-0.03299768920391481				-3432.162				17.4
1412			-0.009935551064926385				-2701.518				16.400000000000002
1413			-0.009935551064928706				-2376.692				18.0
1414			-0.03299768920391481				-3135.782				18.8
1415			-0.0				-2920.96				17.4
1416			-0.009935551064928706				-2469.37				15.8
1417			-0.009935551064928706				-2861.896				15.8
1418			-0.0385058773567853				-2686.928				16.8
1419			-0.009935551064928706				-2461.572				17.4
1420			-0.009935551064928706				-2332.306				18.8
1421			-0.009935551064928706				-3108.074				18.0
1422			-0.009935551064928706				-3387.276				15.6
1423			-0.07822916126216624				-2663.742				20.0
1424			-0.0				-3371.488				19.8
1425			-0.07822916126216624				-2449.61				17.599999999999998
1426			-0.0017743744790435416				-3101.852				15.4
1427			-0.03299768920391481				-2651.368				17.2
1428			-0.009935551064928706				-2135.564				18.8
1429			-0.04595044552261114				-2296.246				20.0
1430			-0.0017743744790435756				-2558.338				16.400000000000002
1431			-0.009935551064928706				-2409.368				17.8
1432			-0.0017743744790435416				-3086.138				17.2
1433			-0.03850587735678516				-2799.762				14.799999999999999
1434			-0.0017743744790435756				-2201.776				16.2
1435			-0.009935551064928706				-3561.77				16.0
1436			-0.0				-2966.146				15.6
1437			-0.0				-3534.192				16.2
1438			-0.0385058773567853				-3139.792				15.4
1439			-0.0017743744790435756				-2856.192				17.2
1440			-0.0017743744790435756				-2734.754				18.6
1441			-0.03299768920391481				-3404.634				15.6
1442			-0.0017743744790435756				-3006.646				15.4
1443			-0.0017743744790435756				-2434.72				17.599999999999998
1444			-0.0017743744790435756				-3312.762				19.400000000000002
1445			-0.0017743744790435416				-2785.346				15.8
1446			-0.0				-2939.934				15.2
1447			-0.0				-2461.674				16.400000000000002
1448			-0.0				-3094.964				14.799999999999999
1449			-0.0				-2990.936				16.8
1450			-0.0017743744790435756				-3728.478				16.6
1451			-0.0017743744790435416				-3339.758				18.6
1452			-0.0017743744790435416				-2704.532				16.400000000000002
1453			-0.04595044552260595				-3023.404				15.8
1454			-0.0017743744790435416				-2705.882				18.2
1455			-0.03850587735678516				-4122.908				15.2
1456			-0.0				-3111.04				15.0
1457			-0.07630165016530904				-4169.802				13.600000000000001
1458			-0.009935551064928706				-3766.834				16.0
1459			-0.009935551064928706				-3601.778				15.6
1460			-0.08143793510348099				-2611.944				13.4
1461			-0.03850587735678516				-3236.026				15.4
1462			-0.03850587735678516				-2707.976				12.2
1463			-0.03299768920391481				-3563.004				15.4
1464			-0.0385058773567853				-2791.182				17.8
1465			-0.0385058773567853				-2325.062				17.4
1466			-0.04595044552261114				-3539.934				17.8
1467			-0.12935668873696432				-3093.074				17.0
1468			-0.0017743744790435416				-2925.082				18.6
1469			-0.0017743744790435416				-3084.674				18.6
1470			-0.009935551064928706				-2121.606				16.6
1471			-0.009935551064928706				-2383.814				16.0
1472			-0.009935551064928706				-2405.16				21.0
1473			-0.0				-3019.178				19.2
1474			-0.07630165016530904				-2937.668				18.8
1475			-0.115475652534196				-3160.83				19.0
1476			-0.032997689203910205				-3814.828				16.0
1477			-0.032997689203910205				-3677.58				16.8
1478			-0.032997689203910205				-2838.924				16.0
1479			-0.009935551064928706				-2941.774				15.0
1480			-0.009935551064928706				-3627.688				18.6
1481			-0.009935551064928706				-3406.292				20.4
1482			-0.07630165016530904				-3727.342				18.4
1483			-0.009935551064928706				-3758.742				18.2
1484			-0.07822916126216624				-3299.184				19.8
1485			-0.13839293171038114				-2804.298				21.2
1486			-0.08143793510348099				-2821.336				20.599999999999998
1487			-0.07630165016530904				-3398.004				18.2
1488			-0.0				-2610.784				17.2
1489			-0.009935551064926385				-2550.56				19.6
1490			-0.009935551064926385				-3411.368				20.200000000000003
1491			-0.07630165016530904				-2730.58				19.6
1492			-0.04595044552261114				-4059.134				21.4
1493			-0.15378700499807657				-2764.696				20.8
1494			-0.03299768920391481				-2174.666				22.6
1495			-0.032997689203910205				-2823.3				20.0
1496			-0.032997689203910205				-2845.87				19.2
1497			-0.07630165016530904				-2831.57				17.599999999999998
1498			-0.0385058773567853				-2585.316				20.0
1499			-0.10857681833843358				-3146.628				19.6
1500			-0.0				-3671.65				19.6
1501			-0.0				-3857.9				16.6
1502			-0.0				-3725.808				17.2
1503			-0.07630165016530904				-2668.474				16.8
1504			-0.0385058773567853				-2750.088				19.400000000000002
1505			-0.08143793510348099				-2841.414				19.400000000000002
1506			-0.009935551064926385				-2761.376				19.8
1507			-0.009935551064928706				-2857.656				20.8
1508			-0.0017743744790435416				-3193.454				17.599999999999998
1509			-0.0017743744790435416				-3133.28				15.6
1510			-0.12935668873696432				-2450.744				20.0
1511			-0.07630165016530904				-4110.738				17.599999999999998
1512			-0.009935551064928706				-2478.252				18.0
1513			-0.009935551064928706				-1963.05				19.2
1514			-0.0385058773567853				-2965.694				19.0
1515			-0.0				-3366.496				19.6
1516			-0.0				-2830.1				19.6
1517			-0.0385058773567853				-3529.758				16.6
1518			-0.03850587735678516				-3679.456				17.0
1519			-0.009935551064928706				-3048.746				16.8
1520			-0.0017743744790435756				-2960.958				17.4
1521			-0.04595044552260595				-3767.91				17.599999999999998
1522			-0.04595044552260595				-2596.978				17.2
1523			-0.009935551064926385				-2868.508				16.400000000000002
1524			-0.07630165016530904				-3756.032				16.2
1525			-0.07630165016530904				-2026.576				18.6
1526			-0.07630165016530904				-3310.648				16.0
1527			-0.04595044552260595				-2592.918				21.8
1528			-0.0385058773567853				-3989.816				19.6
1529			-0.07630165016530904				-2425.724				18.6
1530			-0.009935551064928706				-2670.818				19.400000000000002
1531			-0.009935551064928706				-2458.496				25.4
1532			-0.009935551064928706				-2547.272				21.4
1533			-0.009935551064928706				-2214.604				19.400000000000002
1534			-0.009935551064928706				-2812.86				17.8
1535			-0.009935551064928706				-3829.776				21.6
1536			-0.009935551064928706				-2481.888				21.6
1537			-0.07630165016530904				-3383.056				21.2
1538			-0.009935551064928706				-3305.418				22.400000000000002
1539			-0.009935551064928706				-2760.934				21.8
1540			-0.009935551064928706				-2590.304				20.0
1541			-0.13537750023982914				-2841.772				20.4
1542			-0.03850587735678516				-3154.746				20.599999999999998
1543			-0.03850587735678516				-2682.99				22.8
1544			-0.03850587735678516				-3004.41				22.0
1545			-0.0017743744790435416				-3445.232				19.2
1546			-0.0017743744790435416				-4444.374				18.6
1547			-0.0017743744790435416				-2014.33				20.8
1548			-0.15473302271432912				-3180.484				21.2
1549			-0.0017743744790435416				-2424.272				18.2
1550			-0.03850587735678516				-2890.624				16.6
1551			-0.04595044552261114				-3437.06				17.4
1552			-0.009935551064928706				-4027.676				17.599999999999998
1553			-0.009935551064926385				-2815.098				13.8
1554			-0.009935551064926385				-4426.056				17.4
1555			-0.009935551064928706				-2590.84				15.4
1556			-0.0017743744790435416				-2696.014				15.6
1557			-0.03299768920391481				-2869.874				16.400000000000002
1558			-0.03299768920391481				-2362.228				17.599999999999998
1559			-0.03850587735678516				-2884.432				18.2
1560			-0.03299768920391481				-3033.506				19.6
1561			-0.03299768920391481				-3048.144				17.2
1562			-0.03299768920391481				-3791.928				16.6
1563			-0.03850587735678516				-2867.654				15.6
1564			-0.0017743744790435756				-2595.066				14.799999999999999
1565			-0.04595044552260595				-2177.134				16.8
1566			-0.0017743744790435416				-2783.09				16.2
1567			-0.0385058773567853				-2382.948				20.0
1568			-0.0017743744790435416				-2579.014				18.2
1569			-0.04595044552260595				-3227.246				18.6
1570			-0.07630165016530904				-2672.404				20.0
1571			-0.08143793510348099				-3336.962				19.6
1572			-0.009935551064928706				-3447.92				16.8
1573			-0.009935551064928706				-3549.044				15.4
1574			-0.08143793510348099				-2708.476				18.4
1575			-0.07822916126217468				-3108.55				18.0
1576			-0.009935551064928706				-3239.542				15.8
1577			-0.009935551064928706				-3453.698				16.0
1578			-0.03299768920391481				-3896.066				20.0
1579			-0.0				-4154.158				17.599999999999998
1580			-0.0				-2531.686				17.8
1581			-0.0				-2540.902				16.2
1582			-0.07630165016530904				-2857.054				16.400000000000002
1583			-0.08515105463977082				-3150.236				17.4
1584			-0.07822916126216624				-2321.106				17.8
1585			-0.04595044552261114				-3641.24				13.8
1586			-0.04595044552261114				-2702.372				15.0
1587			-0.03850587735678516				-2170.62				17.0
1588			-0.0385058773567853				-2862.506				17.2
1589			-0.08515105463977082				-3258.666				20.0
1590			-0.03299768920391481				-2607.424				19.8
1591			-0.08143793510348099				-3183.318				17.2
1592			-0.0				-3560.94				11.200000000000001
1593			-0.03299768920391481				-2557.12				16.400000000000002
1594			-0.0				-3254.968				14.799999999999999
1595			-0.0				-3967.724				19.0
1596			-0.08143793510348099				-2295.332				19.400000000000002
1597			-0.03299768920391481				-3476.592				17.2
1598			-0.03299768920391481				-2381.928				17.0
1599			-0.0385058773567853				-2939.342				17.4
1600			-0.032997689203910205				-3665.678				19.0
1601			-0.0017743744790435756				-3045.116				16.6
1602			-0.03299768920391481				-1687.936				18.6
1603			-0.0017743744790435416				-3039.408				20.0
1604			-0.0017743744790435416				-2343.056				18.8
1605			-0.0				-3481.8				18.0
1606			-0.009935551064928706				-3070.256				17.0
1607			-0.0017743744790435416				-2657.916				15.6
1608			-0.009935551064928706				-2417.21				16.2
1609			-0.009935551064928706				-2399.848				16.8
1610			-0.03299768920391481				-2097.638				14.6
1611			-0.009935551064928706				-3396.982				15.0
1612			-0.009935551064928706				-2766.572				14.799999999999999
1613			-0.009935551064928706				-3566.066				15.0
1614			-0.0017743744790435416				-2658.126				18.2
1615			-0.07822916126216624				-2210.094				18.6
1616			-0.12935668873696432				-2672.904				15.4
1617			-0.0017743744790435756				-2286.288				17.599999999999998
1618			-0.0017743744790435756				-2734.836				20.4
1619			-0.0017743744790435416				-2773.908				17.0
1620			-0.0017743744790435416				-3147.354				15.6
1621			-0.0017743744790435416				-2892.666				14.799999999999999
1622			-0.0017743744790435416				-2422.534				19.2
1623			-0.0017743744790435416				-2921.788				18.2
1624			-0.0385058773567853				-2906.714				17.8
1625			-0.04595044552260595				-2855.468				17.0
1626			-0.07630165016530904				-2931.15				16.6
1627			-0.009935551064928706				-3740.45				18.8
1628			-0.03299768920391481				-2906.508				17.8
1629			-0.0385058773567853				-2708.284				13.8
1630			-0.0				-2418.26				17.599999999999998
1631			-0.0				-3468.426				16.8
1632			-0.03299768920391481				-2854.046				18.4
1633			-0.0				-3743.466				14.399999999999999
1634			-0.03299768920391481				-4600.552				12.8
1635			-0.03299768920391481				-3692.838				13.0
1636			-0.03850587735678516				-2608.782				14.6
1637			-0.03850587735678516				-2854.246				16.8
1638			-0.03299768920391481				-1994.872				16.2
1639			-0.009935551064928706				-2016.082				18.2
1640			-0.009935551064928706				-3246.972				16.400000000000002
1641			-0.04595044552261114				-3544.614				18.0
1642			-0.0017743744790435416				-3375.972				18.6
1643			-0.07822916126216624				-2803.584				17.2
1644			-0.03299768920391481				-1991.832				19.400000000000002
1645			-0.009935551064928706				-3285.93				15.0
1646			-0.0017743744790435756				-2928.586				14.6
1647			-0.03299768920391481				-2628.874				19.0
1648			-0.0017743744790435416				-3232.206				15.8
1649			-0.009935551064926385				-3052.236				18.6
1650			-0.0385058773567853				-3062.824				20.4
1651			-0.032997689203910205				-2878.38				19.0
1652			-0.0017743744790435416				-2776.992				17.0
1653			-0.0017743744790435416				-2932.93				19.6
1654			-0.0017743744790435416				-2979.942				18.4
1655			-0.0017743744790435416				-3198.096				19.0
1656			-0.0017743744790435416				-2999.686				16.6
1657			-0.0017743744790435416				-2928.508				18.4
1658			-0.03299768920391481				-2955.594				17.0
1659			-0.0017743744790435756				-3249.874				19.8
1660			-0.0017743744790435416				-2462.382				16.400000000000002
1661			-0.03299768920391481				-3160.706				16.6
1662			-0.0385058773567853				-2942.96				17.8
1663			-0.009935551064928706				-3498.354				18.6
1664			-0.0				-3221.11				20.4
1665			-0.0				-2979.084				18.8
1666			-0.009935551064928706				-1956.022				18.6
1667			-0.032997689203910205				-2391.302				17.8
1668			-0.032997689203910205				-2599.854				18.4
1669			-0.07822916126216624				-2106.976				17.4
1670			-0.0				-2716.14				15.0
1671			-0.0385058773567853				-2868.486				16.8
1672			-0.0				-2854.982				13.8
1673			-0.0017743744790435416				-2771.096				17.4
1674			-0.0017743744790435416				-2740.094				19.6
1675			-0.0017743744790435416				-2872.014				19.6
1676			-0.0017743744790435416				-2778.546				16.0
1677			-0.009935551064928706				-2824.834				14.799999999999999
1678			-0.0				-3666.562				16.0
1679			-0.0				-3199.83				15.2
1680			-0.03299768920391481				-2268.332				17.599999999999998
1681			-0.03299768920391481				-2132.876				20.8
1682			-0.009935551064926385				-2443.144				21.2
1683			-0.009935551064926385				-2574.084				20.0
1684			-0.07822916126216624				-2919.178				20.8
1685			-0.0017743744790435416				-3260.328				17.8
1686			-0.0385058773567853				-4222.334				15.2
1687			-0.0017743744790435416				-3846.04				15.6
1688			-0.0385058773567853				-2212.57				17.8
1689			-0.009935551064928706				-2159.702				20.200000000000003
1690			-0.009935551064928706				-3316.796				18.2
1691			-0.07630165016530904				-2462.928				20.599999999999998
1692			-0.0385058773567853				-3293.51				20.0
1693			-0.03850587735678516				-3591.412				18.2
1694			-0.03850587735678516				-2958.312				20.0
1695			-0.0385058773567853				-2960.328				16.400000000000002
1696			-0.0385058773567853				-3327.506				18.6
1697			-0.0				-2933.928				20.200000000000003
1698			-0.0				-3438.124				19.0
1699			-0.0385058773567853				-2869.3				20.0
1700			-0.0385058773567853				-3105.596				20.599999999999998
1701			-0.04595044552261114				-3503.188				21.0
1702			-0.13537750023982914				-3548.862				19.6
1703			-0.07822916126217468				-3529.926				18.6
1704			-0.04595044552261114				-3356.522				19.400000000000002
1705			-0.08515105463976208				-3312.802				17.8
1706			-0.08515105463976208				-2721.764				20.4
1707			-0.08515105463976208				-2652.544				20.8
1708			-0.009935551064928706				-2778.306				21.0
1709			-0.009935551064928706				-2720.424				20.4
1710			-0.009935551064926385				-3129.782				18.8
1711			-0.0385058773567853				-3306.628				19.400000000000002
1712			-0.0385058773567853				-2959.014				20.0
1713			-0.04595044552261114				-3210.49				19.2
1714			-0.04595044552261114				-2389.24				22.2
1715			-0.04595044552261114				-3257.628				21.4
1716			-0.07630165016530904				-2853.24				23.0
1717			-0.0385058773567853				-2421.56				21.6
1718			-0.03299768920391481				-3532.602				21.4
1719			-0.07630165016530904				-2749.846				20.8
1720			-0.13537750023982914				-3049.05				21.6
1721			-0.07822916126217468				-3069.288				21.4
1722			-0.0017743744790435416				-2713.478				21.8
1723			-0.0017743744790435416				-2496.528				17.4
1724			-0.0017743744790435416				-3801.568				17.2
1725			-0.15378700499807657				-3388.144				17.599999999999998
1726			-0.0017743744790435416				-3617.626				18.2
1727			-0.0017743744790435416				-3581.916				18.0
1728			-0.0017743744790435416				-2846.818				19.2
1729			-0.14349965359491745				-3261.62				20.200000000000003
1730			-0.14349965359491745				-3497.484				19.8
1731			-0.12935668873696432				-3360.326				19.6
1732			-0.03850587735678516				-2769.728				20.599999999999998
1733			-0.20596520339898283				-2883.656				19.2
1734			-0.07630165016530904				-3390.614				16.400000000000002
1735			-0.07630165016530904				-2941.33				19.0
1736			-0.07630165016530904				-2694.976				16.6
1737			-0.10857681833843358				-3207.474				16.2
1738			-0.15473302271432912				-2423.894				20.8
1739			-0.03850587735678516				-2848.75				21.8
1740			-0.07822916126216624				-2693.786				25.0
1741			-0.03299768920391481				-3103.208				23.200000000000003
1742			-0.03299768920391481				-3496.814				20.599999999999998
1743			-0.03299768920391481				-4304.77				21.0
1744			-0.03299768920391481				-3767.81				22.2
1745			-0.03299768920391481				-2712.252				21.6
1746			-0.03850587735678516				-2812.068				23.200000000000003
1747			-0.03850587735678516				-3153.386				20.200000000000003
1748			-0.04595044552261114				-3175.894				18.8
1749			-0.04595044552261114				-2744.188				19.8
1750			-0.07630165016530904				-2966.576				20.8
1751			-0.07822916126216624				-2271.254				22.8
1752			-0.0017743744790435416				-4100.2				21.0
1753			-0.0017743744790435416				-2725.03				21.2
1754			-0.03299768920391481				-2808.376				21.2
1755			-0.03299768920391481				-3004.626				24.4
1756			-0.07630165016530904				-2348.806				23.799999999999997
1757			-0.07630165016530904				-3464.244				21.2
1758			-0.009935551064928706				-2777.752				23.0
1759			-0.0385058773567853				-4140.248				18.8
1760			-0.009935551064928706				-3892.776				21.0
1761			-0.08515105463977082				-2634.41				18.4
1762			-0.03299768920391481				-3811.048				16.400000000000002
1763			-0.03299768920391481				-2356.422				16.6
1764			-0.009935551064928706				-3589.09				17.0
1765			-0.009935551064928706				-3595.226				22.2
1766			-0.0017743744790435756				-3379.902				21.2
1767			-0.0017743744790435416				-3547.02				21.0
1768			-0.0017743744790435416				-3513.404				21.4
1769			-0.0				-2565.808				20.4
1770			-0.0				-2224.06				20.599999999999998
1771			-0.0				-2532.306				15.4
1772			-0.0017743744790435416				-2313.14				19.2
1773			-0.0017743744790435416				-3112.238				16.2
1774			-0.0017743744790435416				-3151.902				18.4
1775			-0.009935551064928706				-3440.656				17.8
1776			-0.04595044552261114				-3174.864				17.4
1777			-0.0385058773567853				-3811.458				21.4
1778			-0.0				-2796.506				18.2
1779			-0.0017743744790435756				-2042.86				16.6
1780			-0.0				-2058.808				20.8
1781			-0.0				-2090.048				20.0
1782			-0.0				-2231.714				21.0
1783			-0.0				-2474.176				19.0
1784			-0.009935551064928706				-3409.524				18.6
1785			-0.0385058773567853				-2263.038				19.400000000000002
1786			-0.07822916126216624				-2491.29				22.400000000000002
1787			-0.13537750023982914				-2313.178				24.0
1788			-0.07822916126216624				-3041.278				21.4
1789			-0.03299768920391481				-3352.406				20.0
1790			-0.04595044552261114				-3099.132				18.4
1791			-0.0385058773567853				-3924.36				16.400000000000002
1792			-0.07822916126217468				-3403.19				18.0
1793			-0.07822916126217468				-3538.206				22.0
1794			-0.0				-2596.652				20.4
1795			-0.08515105463977082				-2752.802				19.2
1796			-0.08515105463977082				-3212.628				21.2
1797			-0.0017743744790435416				-2812.584				21.8
1798			-0.03850587735678516				-2766.992				20.8
1799			-0.0385058773567853				-2181.108				21.6
1800			-0.08143793510348099				-2479.886				20.8
1801			-0.03850587735678516				-2261.31				24.6
1802			-0.0017743744790435416				-2824.538				24.2
1803			-0.07822916126217468				-3175.478				18.8
1804			-0.0017743744790435416				-2736.526				22.6
1805			-0.07630165016530904				-3572.22				22.8
1806			-0.08143793510348099				-3423.798				24.6
1807			-0.03299768920391481				-3975.354				22.0
1808			-0.03299768920391481				-3388.614				19.2
1809			-0.03299768920391481				-3671.994				20.8
1810			-0.0				-3246.112				22.2
1811			-0.0				-2546.33				23.0
1812			-0.0				-3528.082				21.2
1813			-0.0				-4027.654				20.8
1814			-0.08143793510348099				-2897.756				23.799999999999997
1815			-0.0				-2673.064				22.2
1816			-0.07630165016530904				-2065.872				21.4
1817			-0.0385058773567853				-2521.05				20.599999999999998
1818			-0.15473302271432912				-3172.216				21.0
1819			-0.0017743744790435416				-2934.53				19.400000000000002
1820			-0.15473302271432912				-4416.79				16.2
1821			-0.0017743744790435416				-2840.42				15.2
1822			-0.0017743744790435416				-3520.942				15.4
1823			-0.0385058773567853				-2994.31				16.6
1824			-0.07630165016530904				-2794.78				16.0
1825			-0.07630165016530904				-2490.86				17.0
1826			-0.0				-2392.16				18.8
1827			-0.009935551064926385				-2780.666				22.6
1828			-0.009935551064926385				-3254.306				15.4
1829			-0.009935551064926385				-3612.152				16.8
1830			-0.0				-2003.716				17.8
1831			-0.009935551064926385				-3758.894				17.599999999999998
1832			-0.009935551064926385				-2490.196				16.400000000000002
1833			-0.12935668873696432				-3195.922				17.599999999999998
1834			-0.07630165016530951				-2073.554				22.6
1835			-0.08143793510348099				-2202.646				23.0
1836			-0.009935551064926385				-2993.994				23.200000000000003
1837			-0.21196945959182045				-3327.544				21.0
1838			-0.009935551064928706				-3003.184				20.4
1839			-0.009935551064928706				-3511.556				22.0
1840			-0.04595044552261114				-2910.784				21.6
1841			-0.009935551064928706				-3327.254				19.8
1842			-0.009935551064928706				-2928.694				20.599999999999998
1843			-0.009935551064928706				-2896.884				18.2
1844			-0.1862620194137621				-2657.234				17.4
1845			-0.1862620194137621				-2401.412				22.6
1846			-0.12935668873696432				-2409.498				20.599999999999998
1847			-0.0				-2514.63				19.0
1848			-0.04595044552260595				-3693.392				16.6
1849			-0.04595044552260595				-3472.98				17.599999999999998
1850			-0.0017743744790435416				-3034.83				20.599999999999998
1851			-0.0				-2423.57				16.6
1852			-0.15473302271432912				-2781.372				20.0
1853			-0.0385058773567853				-2557.46				19.0
1854			-0.15473302271432912				-2410.088				17.8
1855			-0.0				-2200.546				17.8
1856			-0.032997689203910205				-3210.562				18.6
1857			-0.0017743744790435416				-3156.938				17.0
1858			-0.0017743744790435416				-2770.234				19.2
1859			-0.0017743744790435416				-2722.772				21.8
1860			-0.04595044552261114				-3215.948				21.0
1861			-0.08143793510348063				-3187.25				19.8
1862			-0.08143793510348099				-3039.994				19.2
1863			-0.08143793510348099				-3214.846				19.400000000000002
1864			-0.08143793510348099				-3426.574				16.8
1865			-0.10857681833843358				-2939.43				17.2
1866			-0.08143793510348063				-2875.852				19.6
1867			-0.08143793510348099				-2605.428				15.4
1868			-0.009935551064928706				-2385.954				18.2
1869			-0.08515105463976208				-2746.656				18.6
1870			-0.08515105463976208				-2971.344				22.2
1871			-0.13537750023982914				-3446.054				23.599999999999998
1872			-0.04595044552261114				-4046.522				22.2
1873			-0.04595044552261114				-2804.838				22.6
1874			-0.04595044552260595				-2585.56				22.400000000000002
1875			-0.15473302271432912				-2730.89				22.6
1876			-0.0385058773567853				-3192.108				25.4
1877			-0.0017743744790435416				-2910.862				25.6
1878			-0.03850587735678516				-3542.938				21.6
1879			-0.08143793510348099				-3550.628				22.400000000000002
1880			-0.04595044552260595				-3537.798				22.0
1881			-0.009935551064928706				-3529.026				21.4
1882			-0.04595044552260595				-2685.1				19.2
1883			-0.04595044552260595				-3538.154				21.2
1884			-0.07630165016530904				-3535.176				17.8
1885			-0.08143793510348063				-2846.592				19.0
1886			-0.1862620194137621				-2709.716				21.4
1887			-0.07822916126217468				-2872.974				20.8
1888			-0.1960745881755769				-3871.924				21.6
1889			-0.10857681833843358				-3231.924				20.0
1890			-0.07630165016530904				-3277.98				19.0
1891			-0.08143793510348099				-2903.952				19.6
1892			-0.08143793510348099				-3331.426				18.4
1893			-0.009935551064928706				-3334.748				17.8
1894			-0.10857681833843358				-2424.734				21.4
1895			-0.08143793510348099				-3105.026				19.6
1896			-0.07822916126216624				-2779.872				20.200000000000003
1897			-0.07630165016530951				-2540.044				15.6
1898			-0.009935551064928706				-2984.43				17.599999999999998
1899			-0.0017743744790435416				-3564.59				20.599999999999998
1900			-0.0017743744790435416				-3761.664				17.8
1901			-0.0017743744790435416				-3032.744				16.400000000000002
1902			-0.0				-3344.984				18.4
1903			-0.08515105463976208				-2898.718				18.0
1904			-0.03850587735678516				-3191.386				20.4
1905			-0.03850587735678516				-3689.424				21.2
1906			-0.15473302271432912				-3702.186				20.8
1907			-0.0017743744790435756				-3723.014				21.0
1908			-0.12935668873696432				-3072.11				21.4
1909			-0.13839293171038114				-3172.546				19.400000000000002
1910			-0.13839293171037736				-2793.518				19.8
1911			-0.13839293171037736				-2383.852				22.6
1912			-0.15473302271432912				-2898.422				22.2
1913			-0.0				-3243.658				23.200000000000003
1914			-0.0				-2924.35				22.2
1915			-0.08143793510348099				-2873.86				25.6
1916			-0.0017743744790435756				-3082.914				19.400000000000002
1917			-0.15473302271432912				-3015.596				21.0
1918			-0.03299768920391481				-2674.438				21.2
1919			-0.15473302271432912				-2729.542				18.0
1920			-0.07630165016530904				-2666.112				19.0
1921			-0.03299768920391481				-4035.976				16.2
1922			-0.0017743744790435416				-3327.374				18.2
1923			-0.0017743744790435416				-2950.37				18.6
1924			-0.03299768920391481				-2526.982				20.0
1925			-0.04595044552260595				-3465.884				20.4
1926			-0.009935551064928706				-2441.384				17.8
1927			-0.009935551064928706				-3322.908				20.8
1928			-0.0017743744790435416				-3741.474				19.6
1929			-0.0017743744790435416				-3687.248				19.8
1930			-0.21196945959182045				-3231.838				19.8
1931			-0.009935551064928706				-3585.798				18.8
1932			-0.009935551064928706				-3757.732				20.0
1933			-0.0017743744790435416				-3114.094				22.400000000000002
1934			-0.009935551064928706				-2810.454				19.0
1935			-0.0017743744790435416				-2828.614				20.200000000000003
1936			-0.009935551064928706				-2468.796				18.8
1937			-0.0017743744790435416				-3203.106				20.0
1938			-0.0017743744790435416				-2849.378				23.200000000000003
1939			-0.009935551064928706				-2626.004				22.6
1940			-0.03299768920391481				-2731.24				19.8
1941			-0.03299768920391481				-2655.428				15.4
1942			-0.07630165016530904				-3496.69				16.6
1943			-0.009935551064928706				-3543.198				16.2
1944			-0.009935551064928706				-2876.076				18.0
1945			-0.009935551064928706				-2248.558				16.6
1946			-0.03850587735678516				-2760.208				19.2
1947			-0.115475652534196				-3029.06				18.2
1948			-0.03850587735678516				-2692.17				18.6
1949			-0.03850587735678516				-3098.716				20.200000000000003
1950			-0.009935551064928706				-3063.184				17.0
1951			-0.08515105463977082				-3106.99				18.4
1952			-0.009935551064926385				-2712.926				19.2
1953			-0.009935551064928706				-2577.05				19.6
1954			-0.009935551064928706				-3629.424				19.400000000000002
1955			-0.03299768920391481				-2959.926				19.8
1956			-0.03299768920391481				-2592.29				19.8
1957			-0.07630165016530904				-3274.56				18.0
1958			-0.03299768920391481				-3088.476				16.8
1959			-0.07630165016530904				-1943.066				16.400000000000002
1960			-0.0017743744790435756				-2994.212				14.6
1961			-0.0017743744790435756				-2624.252				15.6
1962			-0.0017743744790435756				-3264.484				14.399999999999999
1963			-0.0017743744790435756				-2959.098				18.6
1964			-0.0017743744790435756				-2587.976				16.6
1965			-0.0385058773567853				-3086.564				16.0
1966			-0.07630165016530904				-2751.814				17.4
1967			-0.009935551064928706				-2714.996				18.8
1968			-0.08515105463976208				-3359.17				17.4
1969			-0.009935551064928706				-3109.87				17.0
1970			-0.04595044552261114				-3549.27				18.4
1971			-0.07630165016530951				-3832.9				18.4
1972			-0.0017743744790435416				-3620.282				17.0
1973			-0.0017743744790435416				-2942.662				19.400000000000002
1974			-0.0017743744790435416				-2822.984				18.0
1975			-0.08143793510348063				-3981.146				15.6
1976			-0.07822916126216624				-2781.504				17.4
1977			-0.03299768920391481				-3021.568				15.8
1978			-0.03299768920391481				-3729.688				17.4
1979			-0.03299768920391481				-3365.13				20.8
1980			-0.0017743744790435756				-2410.526				19.400000000000002
1981			-0.0017743744790435756				-3169.876				15.6
1982			-0.0017743744790435416				-2866.716				16.6
1983			-0.0017743744790435416				-3001.06				17.8
1984			-0.0017743744790435416				-2927.5				16.400000000000002
1985			-0.0017743744790435416				-3297.436				13.600000000000001
1986			-0.0017743744790435416				-2580.694				16.8
1987			-0.0017743744790435756				-2291.396				16.6
1988			-0.08143793510348063				-2339.412				19.0
1989			-0.032997689203910205				-2665.108				18.8
1990			-0.032997689203910205				-3973.934				21.4
1991			-0.032997689203910205				-3137.304				19.400000000000002
1992			-0.0385058773567853				-3228.02				21.8
1993			-0.0385058773567853				-2084.814				22.2
1994			-0.0385058773567853				-3702.43				19.8
1995			-0.0385058773567853				-2579.062				23.0
1996			-0.009935551064926385				-2441.344				21.2
1997			-0.0017743744790435416				-2946.16				20.8
1998			-0.0385058773567853				-2602.88				22.6
1999			-0.07630165016530904				-2745.82				20.8
2000			-0.009935551064928706				-2502.864				25.2
TERMINATED AT GENERATION 2000

Termination reason: Max generations reached



Champion genotype:	[1, 0, 0, 1, 0, 1, 1, 1, 1, 0, 0, 1, 0, 1, 0, 1]
Champion fitness:	-0.009935551064928706
Champion f(x, y):	0.009935551064928706
Champion x value:	0.9215686274509807
Champion y value:	0.8431372549019605
